2 2 1
3 -1 -1
4 4 1
5 10 2
6 -1 -1
7 28 4
8 8 1
9 -1 -1
10 10 1
11 572 52
12 -1 -1
13 13 1
14 28 2
15 -1 -1
16 16 1
17 68 4
18 -1 -1
19 -1 -1
20 20 1
21 -1 -1
22 572 26
23 23 1
24 -1 -1
25 100 4
26 26 1
27 -1 -1
28 28 1
29 -1 -1
30 -1 -1
31 -1 -1
32 -1 -1
33 -1 -1
34 68 2
35 280 8
36 -1 -1
37 -1 -1
38 608 16
39 -1 -1
40 40 1
41 82 2
42 -1 -1
43 -1 -1
44 572 13
45 -1 -1
46 -1 -1
47 1222 26
48 -1 -1
49 784 16
50 100 2
51 -1 -1
52 52 1
53 212 4
54 -1 -1
55 -1 -1
56 56 1
57 -1 -1
58 -1 -1
59 4012 68
60 -1 -1
61 244 4
62 6200 100
63 -1 -1
64 -1 -1
65 130 2
66 -1 -1
67 5360 80
68 68 1
69 -1 -1
70 280 4
71 142 2
72 -1 -1
73 730 10
74 -1 -1
75 -1 -1
76 608 8
77 -1 -1
78 -1 -1
79 316 4
80 80 1
81 -1 -1
82 82 1
83 -1 -1
84 -1 -1
85 102850 1210
86 -1 -1
87 -1 -1
88 1760 20
89 4628 52
90 -1 -1
91 91 1
92 -1 -1
93 -1 -1
94 1222 13
95 -1 -1
96 -1 -1
97 194 2
98 784 8
99 -1 -1
100 100 1
101 48884 484
102 -1 -1
103 412 4
104 -1 -1
105 -1 -1
106 212 2
107 44084 412
108 -1 -1
109 -1 -1
110 1760 16
111 -1 -1
112 112 1
113 54692 484
114 -1 -1
115 -1 -1
116 -1 -1
117 -1 -1
118 -1 -1
119 460292 3868
120 -1 -1
121 121 1
122 244 2
123 -1 -1
124 -1 -1
125 140000 1120
126 -1 -1
127 -1 -1
128 24832 194
129 -1 -1
130 130 1
131 524 4
132 -1 -1
133 -1 -1
134 5360 40
135 -1 -1
136 -1 -1
137 124670 910
138 -1 -1
139 -1 -1
140 280 2
141 -1 -1
142 142 1
143 572 4
144 -1 -1
145 -1 -1
146 1460 10
147 -1 -1
148 -1 -1
149 -1 -1
150 -1 -1
151 151 1
152 608 4
153 -1 -1
154 -1 -1
155 1550 10
156 -1 -1
157 -1 -1
158 316 2
159 -1 -1
160 160 1
161 644 4
162 -1 -1
163 -1 -1
164 164 1
165 -1 -1
166 2656 16
167 -1 -1
168 -1 -1
169 -1 -1
170 494360 2908
171 -1 -1
172 -1 -1
173 173 1
174 -1 -1
175 2800 16
176 1760 10
177 -1 -1
178 4628 26
179 4638248 25912
180 -1 -1
181 -1 -1
182 182 1
183 -1 -1
184 -1 -1
185 1850 10
186 -1 -1
187 41888 224
188 3760 20
189 -1 -1
190 -1 -1
191 -1 -1
192 -1 -1
193 13124 68
194 194 1
195 -1 -1
196 784 4
197 379980692 1928836
198 -1 -1
199 62884 316
200 400 2
201 -1 -1
202 48884 242
203 203 1
204 -1 -1
205 820 4
206 412 2
207 -1 -1
208 -1 -1
209 -1 -1
210 -1 -1
211 -1 -1
212 212 1
213 -1 -1
214 3424 16
215 -1 -1
216 -1 -1
217 -1 -1
218 -1 -1
219 -1 -1
220 1760 8
221 -1 -1
222 -1 -1
223 91876 412
224 224 1
225 -1 -1
226 54692 242
227 -1 -1
228 -1 -1
229 -1 -1
230 -1 -1
231 -1 -1
232 -1 -1
233 233 1
234 -1 -1
235 3760 16
236 -1 -1
237 -1 -1
238 -1 -1
239 -1 -1
240 -1 -1
241 964 4
242 242 1
243 -1 -1
244 244 1
245 -1 -1
246 -1 -1
247 -1 -1
248 -1 -1
249 -1 -1
250 140000 560
251 -1 -1
252 -1 -1
253 -1 -1
254 -1 -1
255 -1 -1
256 -1 -1
257 -1 -1
258 -1 -1
259 157472 608
260 -1 -1
261 -1 -1
262 524 2
263 -1 -1
264 -1 -1
265 -1 -1
266 -1 -1
267 -1 -1
268 5360 20
269 6994 26
270 -1 -1
271 -1 -1
272 -1 -1
273 -1 -1
274 -1 -1
275 -1 -1
276 -1 -1
277 58724 212
278 64774 233
279 -1 -1
280 280 1
281 -1 -1
282 -1 -1
283 -1 -1
284 -1 -1
285 -1 -1
286 572 2
287 2296 8
288 -1 -1
289 1156 4
290 -1 -1
291 -1 -1
292 2920 10
293 -1 -1
294 -1 -1
295 -1 -1
296 4736 16
297 -1 -1
298 -1 -1
299 20332 68
300 -1 -1
301 -1 -1
302 120800 400
303 -1 -1
304 608 2
305 2440 8
306 -1 -1
307 -1 -1
308 16016 52
309 -1 -1
310 6200 20
311 -1 -1
312 -1 -1
313 98908 316
314 159671512 508508
315 -1 -1
316 316 1
317 16484 52
318 -1 -1
319 1276 4
320 -1 -1
321 -1 -1
322 644 2
323 3621476 11212
324 -1 -1
325 -1 -1
326 5216 16
327 -1 -1
328 328 1
329 -1 -1
330 -1 -1
331 -1 -1
332 2656 8
333 -1 -1
334 -1 -1
335 5360 16
336 -1 -1
337 -1 -1
338 3195452 9454
339 -1 -1
340 309400 910
341 -1 -1
342 -1 -1
343 -1 -1
344 23392 68
345 -1 -1
346 692 2
347 9022 26
348 -1 -1
349 -1 -1
350 2800 8
351 -1 -1
352 -1 -1
353 8119 23
354 -1 -1
355 -1 -1
356 4628 13
357 -1 -1
358 82196800 229600
359 -1 -1
360 -1 -1
361 -1 -1
362 51404 142
363 -1 -1
364 364 1
365 730 2
366 -1 -1
367 -1 -1
368 -1 -1
369 -1 -1
370 -1 -1
371 1975204 5324
372 -1 -1
373 -1 -1
374 41888 112
375 -1 -1
376 3760 10
377 242788 644
378 -1 -1
379 -1 -1
380 8740 23
381 -1 -1
382 -1 -1
383 30640 80
384 -1 -1
385 301840 784
386 26248 68
387 -1 -1
388 -1 -1
389 -1 -1
390 -1 -1
391 20332 52
392 784 2
393 -1 -1
394 -1 -1
395 3812540 9652
396 -1 -1
397 -1 -1
398 227656 572
399 -1 -1
400 400 1
401 1604 4
402 -1 -1
403 -1 -1
404 9292 23
405 -1 -1
406 -1 -1
407 -1 -1
408 -1 -1
409 -1 -1
410 820 2
411 -1 -1
412 412 1
413 28084 68
414 -1 -1
415 -1 -1
416 -1 -1
417 -1 -1
418 -1 -1
419 16947661720 40447880
420 -1 -1
421 330064 784
422 -1 -1
423 -1 -1
424 -1 -1
425 102850 242
426 -1 -1
427 6832 16
428 3424 8
429 -1 -1
430 -1 -1
431 190317532 441572
432 -1 -1
433 -1 -1
434 43400 100
435 -1 -1
436 -1 -1
437 874 2
438 -1 -1
439 -1 -1
440 1760 4
441 -1 -1
442 -1 -1
443 99232 224
444 -1 -1
445 -1 -1
446 -1 -1
447 -1 -1
448 448 1
449 1796 4
450 -1 -1
451 -1 -1
452 54692 121
453 -1 -1
454 7264 16
455 910 2
456 -1 -1
457 27948292 61156
458 -1 -1
459 -1 -1
460 -1 -1
461 111562 242
462 -1 -1
463 24076 52
464 1949856064 4202276
465 -1 -1
466 -1 -1
467 -1 -1
468 -1 -1
469 -1 -1
470 3760 8
471 -1 -1
472 5495968 11644
473 455972 964
474 -1 -1
475 61750 130
476 -1 -1
477 -1 -1
478 -1 -1
479 755383 1577
480 -1 -1
481 -1 -1
482 964 2
483 -1 -1
484 484 1
485 1940 4
486 -1 -1
487 -1 -1
488 488 1
489 -1 -1
490 7840 16
491 11293 23
492 -1 -1
493 -1 -1
494 -1 -1
495 -1 -1
496 -1 -1
497 260428 524
498 -1 -1
499 70858 142
500 140000 280
501 -1 -1
502 -1 -1
503 -1 -1
504 -1 -1
505 -1 -1
506 1216424 2404
507 -1 -1
508 -1 -1
509 25999720 51080
510 -1 -1
511 6643 13
512 161792 316
513 -1 -1
514 -1 -1
515 1030 2
516 -1 -1
517 -1 -1
518 314944 608
519 -1 -1
520 -1 -1
521 1102454756 2116036
522 -1 -1
523 -1 -1
524 524 1
525 -1 -1
526 504335638 958813
527 3014440 5720
528 -1 -1
529 42320 80
530 -1 -1
531 -1 -1
532 -1 -1
533 1066 2
534 -1 -1
535 18305560 34216
536 5360 10
537 -1 -1
538 6994 13
539 53900 100
540 -1 -1
541 -1 -1
542 -1 -1
543 -1 -1
544 -1 -1
545 331360 608
546 -1 -1
547 2188 4
548 498680 910
549 -1 -1
550 -1 -1
551 202417564 367364
552 -1 -1
553 -1 -1
554 316888 572
555 -1 -1
556 -1 -1
557 375489296 674128
558 -1 -1
559 -1 -1
560 560 1
561 -1 -1
562 701938 1249
563 38284 68
564 -1 -1
565 -1 -1
566 13423256 23716
567 -1 -1
568 -1 -1
569 -1 -1
570 -1 -1
571 -1 -1
572 572 1
573 -1 -1
574 2296 4
575 99475 173
576 -1 -1
577 -1 -1
578 1156 2
579 -1 -1
580 -1 -1
581 332332 572
582 -1 -1
583 282172 484
584 5840 10
585 -1 -1
586 -1 -1
587 -1 -1
588 -1 -1
589 15314 26
590 462560 784
591 -1 -1
592 4736 8
593 -1 -1
594 -1 -1
595 -1 -1
596 -1 -1
597 -1 -1
598 126776 212
599 6821984644 11388956
600 -1 -1
601 2404 4
602 104146 173
603 -1 -1
604 -1 -1
605 1210 2
606 -1 -1
607 441896 728
608 608 1
609 -1 -1
610 2440 4
611 1222 2
612 -1 -1
613 -1 -1
614 -1 -1
615 -1 -1
616 16016 26
617 -1 -1
618 -1 -1
619 -1 -1
620 6200 10
621 -1 -1
622 -1 -1
623 -1 -1
624 -1 -1
625 140000 224
626 -1 -1
627 -1 -1
628 -1 -1
629 12580 20
630 -1 -1
631 32812 52
632 -1 -1
633 -1 -1
634 16484 26
635 -1 -1
636 -1 -1
637 2548 4
638 1276 2
639 -1 -1
640 -1 -1
641 -1 -1
642 -1 -1
643 43724 68
644 644 1
645 -1 -1
646 -1 -1
647 -1 -1
648 -1 -1
649 -1 -1
650 -1 -1
651 -1 -1
652 5216 8
653 -1 -1
654 -1 -1
655 835780 1276
656 656 1
657 -1 -1
658 34216 52
659 -1 -1
660 -1 -1
661 1222850 1850
662 -1 -1
663 -1 -1
664 2656 4
665 3149440 4736
666 -1 -1
667 242788 364
668 -1 -1
669 -1 -1
670 5360 8
671 -1 -1
672 -1 -1
673 2692 4
674 1171995138599200 1738865190800
675 -1 -1
676 -1 -1
677 -1 -1
678 -1 -1
679 131726 194
680 -1 -1
681 -1 -1
682 -1 -1
683 1366 2
684 -1 -1
685 46580 68
686 -1 -1
687 -1 -1
688 3687680 5360
689 -1 -1
690 -1 -1
691 -1 -1
692 692 1
693 -1 -1
694 9022 13
695 -1 -1
696 -1 -1
697 5576 8
698 -1 -1
699 -1 -1
700 2800 4
701 1402 2
702 -1 -1
703 19684 28
704 -1 -1
705 -1 -1
706 136964 194
707 -1 -1
708 -1 -1
709 -1 -1
710 -1 -1
711 -1 -1
712 18512 26
713 -1 -1
714 -1 -1
715 5720 8
716 -1 -1
717 -1 -1
718 -1 -1
719 -1 -1
720 -1 -1
721 9373 13
722 -1 -1
723 -1 -1
724 -1 -1
725 -1 -1
726 -1 -1
727 2908 4
728 728 1
729 -1 -1
730 730 1
731 -1 -1
732 -1 -1
733 -1 -1
734 -1 -1
735 -1 -1
736 -1 -1
737 -1 -1
738 -1 -1
739 22616356 30604
740 -1 -1
741 -1 -1
742 -1 -1
743 -1 -1
744 -1 -1
745 -1 -1
746 -1 -1
747 -1 -1
748 41888 56
749 -1 -1
750 -1 -1
751 -1 -1
752 -1 -1
753 -1 -1
754 485576 644
755 120800 160
756 -1 -1
757 757 1
758 -1 -1
759 -1 -1
760 -1 -1
761 -1 -1
762 -1 -1
763 -1 -1
764 -1 -1
765 -1 -1
766 30640 40
767 -1 -1
768 -1 -1
769 -1 -1
770 -1 -1
771 -1 -1
772 52496 68
773 -1 -1
774 -1 -1
775 1550 2
776 -1 -1
777 -1 -1
778 -1 -1
779 -1 -1
780 -1 -1
781 35863520 45920
782 20332 26
783 -1 -1
784 784 1
785 -1 -1
786 -1 -1
787 -1 -1
788 -1 -1
789 -1 -1
790 -1 -1
791 382844 484
792 -1 -1
793 3172 4
794 -1 -1
795 -1 -1
796 -1 -1
797 -1 -1
798 -1 -1
799 54332 68
800 120800 151
801 -1 -1
802 1604 2
803 -1 -1
804 -1 -1
805 -1 -1
806 -1 -1
807 -1 -1
808 147056 182
809 913006535032 1128561848
810 -1 -1
811 -1 -1
812 -1 -1
813 -1 -1
814 -1 -1
815 -1 -1
816 -1 -1
817 -1 -1
818 279032888 341116
819 -1 -1
820 820 1
821 -1 -1
822 -1 -1
823 24564904 29848
824 -1 -1
825 -1 -1
826 46256 56
827 400268 484
828 -1 -1
829 766869766 925054
830 282941485480 340893356
831 -1 -1
832 -1 -1
833 -1 -1
834 -1 -1
835 361558340 433004
836 3444320 4120
837 -1 -1
838 -1 -1
839 -1 -1
840 -1 -1
841 -1 -1
842 -1 -1
843 -1 -1
844 19412 23
845 193294138700 228750460
846 -1 -1
847 847 1
848 -1 -1
849 -1 -1
850 102850 121
851 -1 -1
852 -1 -1
853 1706 2
854 6832 8
855 -1 -1
856 3424 4
857 181684 212
858 -1 -1
859 8522998 9922
860 -1 -1
861 -1 -1
862 493064 572
863 -1 -1
864 -1 -1
865 -1 -1
866 129548404 149594
867 -1 -1
868 -1 -1
869 -1 -1
870 -1 -1
871 48776 56
872 123824 142
873 -1 -1
874 874 1
875 140000 160
876 -1 -1
877 40271840 45920
878 -1 -1
879 -1 -1
880 1760 2
881 1235162 1402
882 -1 -1
883 3532 4
884 20332 23
885 -1 -1
886 99232 112
887 -1 -1
888 -1 -1
889 508508 572
890 1167680 1312
891 -1 -1
892 -1 -1
893 542944 608
894 -1 -1
895 82196800 91840
896 -1 -1
897 -1 -1
898 1796 2
899 201376 224
900 -1 -1
901 -1 -1
902 144320 160
903 -1 -1
904 164528 182
905 -1 -1
906 -1 -1
907 -1 -1
908 7264 8
909 -1 -1
910 910 1
911 3982892 4372
912 -1 -1
913 3652 4
914 -1 -1
915 -1 -1
916 -1 -1
917 1922032 2096
918 -1 -1
919 -1 -1
920 62560 68
921 -1 -1
922 111562 121
923 -1 -1
924 -1 -1
925 1850 2
926 24076 26
927 -1 -1
928 -1 -1
929 3860924 4156
930 -1 -1
931 487844 524
932 -1 -1
933 -1 -1
934 -1 -1
935 -1 -1
936 -1 -1
937 937 1
938 48776 52
939 -1 -1
940 3760 4
941 -1 -1
942 -1 -1
943 1886 2
944 -1 -1
945 -1 -1
946 -1 -1
947 1242464 1312
948 -1 -1
949 9490 10
950 269910200 284116
951 -1 -1
952 -1 -1
953 -1 -1
954 -1 -1
955 -1 -1
956 144356 151
957 -1 -1
958 -1 -1
959 124670 130
960 -1 -1
961 -1 -1
962 -1 -1
963 -1 -1
964 964 1
965 65620 68
966 -1 -1
967 3868 4
968 -1 -1
969 -1 -1
970 1940 2
971 217504 224
972 -1 -1
973 -1 -1
974 15584 16
975 -1 -1
976 976 1
977 -1 -1
978 -1 -1
979 -1 -1
980 7840 8
981 -1 -1
982 -1 -1
983 148433 151
984 -1 -1
985 -1 -1
986 128180 130
987 -1 -1
988 -1 -1
989 -1 -1
990 -1 -1
991 -1 -1
992 201376 203
993 -1 -1
994 -1 -1
995 3621800 3640
996 -1 -1
997 2899276 2908
998 116882163208 117116396
999 -1 -1
1000 -1 -1
1001 16016 16
1002 -1 -1
1003 1003 1
1004 -1 -1
1005 -1 -1
1006 -1 -1
1007 -1 -1
1008 -1 -1
1009 -1 -1
1010 1325120 1312
1011 -1 -1
1012 -1 -1
1013 -1 -1
1014 -1 -1
1015 -1 -1
1016 6299200 6200
1017 -1 -1
1018 -1 -1
1019 419828 412
1020 -1 -1
1021 2042 2
1022 13286 13
1023 -1 -1
1024 -1 -1
1025 8200 8
1026 -1 -1
1027 -1 -1
1028 145976 142
1029 -1 -1
1030 1030 1
1031 713452 692
1032 -1 -1
1033 -1 -1
1034 -1 -1
1035 -1 -1
1036 -1 -1
1037 16592 16
1038 -1 -1
1039 4156 4
1040 -1 -1
1041 -1 -1
1042 -1 -1
1043 171602704 164528
1044 -1 -1
1045 -1 -1
1046 -1 -1
1047 -1 -1
1048 2096 2
1049 -1 -1
1050 -1 -1
1051 71804320 68320
1052 -1 -1
1053 -1 -1
1054 -1 -1
1055 603460 572
1056 -1 -1
1057 -1 -1
1058 42320 40
1059 -1 -1
1060 27466720 25912
1061 -1 -1
1062 -1 -1
1063 -1 -1
1064 1968400 1850
1065 -1 -1
1066 1066 1
1067 4664924 4372
1068 -1 -1
1069 -1 -1
1070 -1 -1
1071 -1 -1
1072 -1 -1
1073 12619553 11761
1074 -1 -1
1075 -1 -1
1076 21520 20
1077 -1 -1
1078 301840 280
1079 -1 -1
1080 -1 -1
1081 -1 -1
1082 209908 194
1083 -1 -1
1084 -1 -1
1085 43400 40
1086 -1 -1
1087 343492 316
1088 -1 -1
1089 -1 -1
1090 -1 -1
1091 338615852 310372
1092 -1 -1
1093 1093 1
1094 2188 2
1095 -1 -1
1096 -1 -1
1097 -1 -1
1098 -1 -1
1099 -1 -1
1100 -1 -1
1101 -1 -1
1102 -1 -1
1103 273870488 248296
1104 -1 -1
1105 309400 280
1106 -1 -1
1107 -1 -1
1108 -1 -1
1109 2957627588 2666932
1110 -1 -1
1111 -1 -1
1112 -1 -1
1113 -1 -1
1114 352024 316
1115 -1 -1
1116 -1 -1
1117 -1 -1
1118 76024 68
1119 -1 -1
1120 1120 1
1121 4484 4
1122 -1 -1
1123 -1 -1
1124 -1 -1
1125 -1 -1
1126 -1 -1
1127 -1 -1
1128 -1 -1
1129 -1 -1
1130 506240 448
1131 -1 -1
1132 -1 -1
1133 11588324 10228
1134 -1 -1
1135 -1 -1
1136 -1 -1
1137 -1 -1
1138 -1 -1
1139 13170257 11563
1140 -1 -1
1141 319480 280
1142 327420536 286708
1143 -1 -1
1144 -1 -1
1145 -1 -1
1146 -1 -1
1147 -1 -1
1148 2296 2
1149 -1 -1
1150 -1 -1
1151 37752800 32800
1152 -1 -1
1153 -1 -1
1154 660088 572
1155 -1 -1
1156 1156 1
1157 4628 4
1158 -1 -1
1159 -1 -1
1160 2187760 1886
1161 -1 -1
1162 -1 -1
1163 -1 -1
1164 -1 -1
1165 -1 -1
1166 282172 242
1167 -1 -1
1168 11680 10
1169 4002656 3424
1170 -1 -1
1171 -1 -1
1172 -1 -1
1173 -1 -1
1174 -1 -1
1175 1105529300 940876
1176 -1 -1
1177 692116018 588034
1178 15314 13
1179 -1 -1
1180 -1 -1
1181 118100 100
1182 -1 -1
1183 1183 1
1184 4736 4
1185 -1 -1
1186 -1 -1
1187 251644 212
1188 -1 -1
1189 -1 -1
1190 -1 -1
1191 -1 -1
1192 -1 -1
1193 14127506 11842
1194 -1 -1
1195 11950 10
1196 242788 203
1197 -1 -1
1198 -1 -1
1199 -1 -1
1200 -1 -1
1201 -1 -1
1202 2404 2
1203 -1 -1
1204 235781728 195832
1205 15665 13
1206 -1 -1
1207 -1 -1
1208 120800 100
1209 -1 -1
1210 1210 1
1211 4844 4
1212 -1 -1
1213 -1 -1
1214 441896 364
1215 -1 -1
1216 -1 -1
1217 95511377 78481
1218 -1 -1
1219 -1 -1
1220 2440 2
1221 -1 -1
1222 1222 1
1223 83164 68
1224 -1 -1
1225 -1 -1
1226 -1 -1
1227 -1 -1
1228 -1 -1
1229 1971316 1604
1230 -1 -1
1231 2959324 2404
1232 16016 13
1233 -1 -1
1234 -1 -1
1235 -1 -1
1236 -1 -1
1237 -1 -1
1238 14081012 11374
1239 -1 -1
1240 -1 -1
1241 16133 13
1242 -1 -1
1243 -1 -1
1244 497600 400
1245 -1 -1
1246 -1 -1
1247 4988 4
1248 -1 -1
1249 1249 1
1250 140000 112
1251 -1 -1
1252 -1 -1
1253 395948 316
1254 -1 -1
1255 -1 -1
1256 2564752 2042
1257 -1 -1
1258 12580 10
1259 -1 -1
1260 -1 -1
1261 -1 -1
1262 32812 26
1263 -1 -1
1264 -1 -1
1265 1545830 1222
1266 -1 -1
1267 178399970476 140805028
1268 16484 13
1269 -1 -1
1270 -1 -1
1271 2664016 2096
1272 -1 -1
1273 -1 -1
1274 2548 2
1275 -1 -1
1276 1276 1
1277 5108 4
1278 -1 -1
1279 -1 -1
1280 404480 316
1281 -1 -1
1282 -1 -1
1283 -1 -1
1284 -1 -1
1285 12850 10
1286 2263360 1760
1287 -1 -1
1288 -1 -1
1289 74720752 57968
1290 -1 -1
1291 -1 -1
1292 -1 -1
1293 -1 -1
1294 -1 -1
1295 787360 608
1296 -1 -1
1297 -1 -1
1298 1943638180 1497410
1299 -1 -1
1300 -1 -1
1301 -1 -1
1302 -1 -1
1303 -1 -1
1304 5216 4
1305 -1 -1
1306 -1 -1
1307 3164205176 2420968
1308 -1 -1
1309 -1 -1
1310 686440 524
1311 -1 -1
1312 1312 1
1313 147056 112
1314 -1 -1
1315 -1 -1
1316 34216 26
1317 -1 -1
1318 21088 16
1319 11171930 8470
1320 -1 -1
1321 -1 -1
1322 7085920 5360
1323 -1 -1
1324 -1 -1
1325 9660531169636000 7290966920480
1326 -1 -1
1327 5132836 3868
1328 2656 2
1329 -1 -1
1330 -1 -1
1331 5324 4
1332 -1 -1
1333 -1 -1
1334 242788 182
1335 -1 -1
1336 -1 -1
1337 -1 -1
1338 -1 -1
1339 1339 1
1340 5360 4
1341 -1 -1
1342 -1 -1
1343 280601048 208936
1344 -1 -1
1345 21520 16
1346 2692 2
1347 -1 -1
1348 -1 -1
1349 27681194012 20519788
1350 -1 -1
1351 -1 -1
1352 9711416 7183
1353 -1 -1
1354 192268 142
1355 -1 -1
1356 -1 -1
1357 -1 -1
1358 263452 194
1359 -1 -1
1360 -1 -1
1361 708591040 520640
1362 -1 -1
1363 -1 -1
1364 -1 -1
1365 -1 -1
1366 1366 1
1367 5468 4
1368 -1 -1
1369 -1 -1
1370 124670 91
1371 -1 -1
1372 71344 52
1373 33501200 24400
1374 -1 -1
1375 -1 -1
1376 -1 -1
1377 -1 -1
1378 -1 -1
1379 29229284 21196
1380 -1 -1
1381 -1 -1
1382 -1 -1
1383 -1 -1
1384 -1 -1
1385 792220 572
1386 -1 -1
1387 -1 -1
1388 11104 8
1389 -1 -1
1390 -1 -1
1391 -1 -1
1392 -1 -1
1393 -1 -1
1394 5576 4
1395 -1 -1
1396 -1 -1
1397 127127 91
1398 -1 -1
1399 5814244 4156
1400 2800 2
1401 -1 -1
1402 1402 1
1403 5612 4
1404 -1 -1
1405 -1 -1
1406 39368 28
1407 -1 -1
1408 22528 16
1409 36510008 25912
1410 -1 -1
1411 -1 -1
1412 32476 23
1413 -1 -1
1414 -1 -1
1415 3231078920 2283448
1416 -1 -1
1417 -1 -1
1418 -1 -1
1419 -1 -1
1420 -1 -1
1421 468890723560 329972360
1422 -1 -1
1423 -1 -1
1424 18512 13
1425 -1 -1
1426 -1 -1
1427 142700 100
1428 -1 -1
1429 1429 1
1430 5720 4
1431 -1 -1
1432 -1 -1
1433 40124 28
1434 -1 -1
1435 22960 16
1436 24614476 17141
1437 -1 -1
1438 -1 -1
1439 -1 -1
1440 -1 -1
1441 -1 -1
1442 -1 -1
1443 -1 -1
1444 -1 -1
1445 -1 -1
1446 -1 -1
1447 -1 -1
1448 -1 -1
1449 -1 -1
1450 -1 -1
1451 18863 13
1452 -1 -1
1453 -1 -1
1454 2908 2
1455 -1 -1
1456 1456 1
1457 5828 4
1458 -1 -1
1459 -1 -1
1460 1460 1
1461 -1 -1
1462 23392 16
1463 24800776 16952
1464 -1 -1
1465 -1 -1
1466 -1 -1
1467 -1 -1
1468 -1 -1
1469 164528 112
1470 -1 -1
1471 -1 -1
1472 72911104 49532
1473 -1 -1
1474 -1 -1
1475 -1 -1
1476 -1 -1
1477 -1 -1
1478 22616356 15302
1479 -1 -1
1480 -1 -1
1481 3933536 2656
1482 -1 -1
1483 -1 -1
1484 848848 572
1485 -1 -1
1486 -1 -1
1487 1487 1
1488 -1 -1
1489 77428 52
1490 -1 -1
1491 -1 -1
1492 -1 -1
1493 -1 -1
1494 -1 -1
1495 -1 -1
1496 41888 28
1497 -1 -1
1498 1830556 1222
1499 101932 68
1500 -1 -1
1501 1735156 1156
1502 -1 -1
1503 -1 -1
1504 -1 -1
1505 66996580 44516
1506 -1 -1
1507 -1 -1
1508 971152 644
1509 -1 -1
1510 120800 80
1511 1456604 964
1512 -1 -1
1513 -1 -1
1514 1514 1
1515 -1 -1
1516 -1 -1
1517 -1 -1
1518 -1 -1
1519 -1 -1
1520 -1 -1
1521 -1 -1
1522 -1 -1
1523 6092 4
1524 -1 -1
1525 24400 16
1526 -1 -1
1527 -1 -1
1528 -1 -1
1529 -1 -1
1530 -1 -1
1531 -1 -1
1532 30640 20
1533 -1 -1
1534 -1 -1
1535 25727828000 16760800
1536 -1 -1
1537 -1 -1
1538 2623828 1706
1539 -1 -1
1540 -1 -1
1541 -1 -1
1542 -1 -1
1543 -1 -1
1544 104992 68
1545 -1 -1
1546 -1 -1
1547 -1 -1
1548 -1 -1
1549 -1 -1
1550 1550 1
1551 -1 -1
1552 24832 16
1553 -1 -1
1554 -1 -1
1555 -1 -1
1556 -1 -1
1557 -1 -1
1558 -1 -1
1559 624017812 400268
1560 -1 -1
1561 -1 -1
1562 35863520 22960
1563 -1 -1
1564 20332 13
1565 1466405 937
1566 -1 -1
1567 -1 -1
1568 3136 2
1569 -1 -1
1570 -1 -1
1571 -1 -1
1572 -1 -1
1573 -1 -1
1574 7199242826066 4573851859
1575 -1 -1
1576 -1 -1
1577 1577 1
1578 -1 -1
1579 -1 -1
1580 -1 -1
1581 -1 -1
1582 382844 242
1583 -1 -1
1584 -1 -1
1585 -1 -1
1586 3172 2
1587 -1 -1
1588 12842745148 8087371
1589 144599 91
1590 -1 -1
1591 -1 -1
1592 13054400 8200
1593 -1 -1
1594 -1 -1
1595 835780 524
1596 -1 -1
1597 -1 -1
1598 2078278900 1300550
1599 -1 -1
1600 -1 -1
1601 3236133320 2021320
1602 -1 -1
1603 -1 -1
1604 1604 1
1605 -1 -1
1606 -1 -1
1607 1174820225458588 731064234884
1608 -1 -1
1609 -1 -1
1610 -1 -1
1611 -1 -1
1612 -1 -1
1613 6452 4
1614 -1 -1
1615 -1 -1
1616 37168 23
1617 -1 -1
1618 -1 -1
1619 161900 100
1620 -1 -1
1621 -1 -1
1622 7506616 4628
1623 -1 -1
1624 -1 -1
1625 455000 280
1626 -1 -1
1627 -1 -1
1628 3305478176 2030392
1629 -1 -1
1630 -1 -1
1631 -1 -1
1632 -1 -1
1633 -1 -1
1634 -1 -1
1635 -1 -1
1636 -1 -1
1637 517292 316
1638 -1 -1
1639 -1 -1
1640 1640 1
1641 -1 -1
1642 -1 -1
1643 738456208 449456
1644 -1 -1
1645 -1 -1
1646 75584320 45920
1647 -1 -1
1648 -1 -1
1649 23303668 14132
1650 -1 -1
1651 -1 -1
1652 46256 28
1653 -1 -1
1654 400268 242
1655 4455260 2692
1656 -1 -1
1657 -1 -1
1658 616252072 371684
1659 -1 -1
1660 -1 -1
1661 757369492 455972
1662 -1 -1
1663 -1 -1
1664 357014528 214552
1665 -1 -1
1666 -1 -1
1667 1667 1
1668 -1 -1
1669 -1 -1
1670 1015360 608
1671 -1 -1
1672 -1 -1
1673 33460 20
1674 -1 -1
1675 -1 -1
1676 16947661720 10111970
1677 -1 -1
1678 -1 -1
1679 16790 10
1680 -1 -1
1681 6724 4
1682 -1 -1
1683 -1 -1
1684 -1 -1
1685 16541348440 9816824
1686 -1 -1
1687 -1 -1
1688 2879728 1706
1689 -1 -1
1690 -1 -1
1691 20664837158840 12220483240
1692 -1 -1
1693 -1 -1
1694 1694 1
1695 -1 -1
1696 -1 -1
1697 115396 68
1698 -1 -1
1699 380576 224
1700 309400 182
1701 -1 -1
1702 -1 -1
1703 -1 -1
1704 -1 -1
1705 -1 -1
1706 1706 1
1707 -1 -1
1708 6832 4
1709 -1 -1
1710 -1 -1
1711 -1 -1
1712 3424 2
1713 -1 -1
1714 2365817060 1380290
1715 -1 -1
1716 -1 -1
1717 -1 -1
1718 39445280 22960
1719 -1 -1
1720 -1 -1
1721 -1 -1
1722 -1 -1
1723 13794558544 8006128
1724 112228952 65098
1725 -1 -1
1726 -1 -1
1727 -1 -1
1728 -1 -1
1729 -1 -1
1730 -1 -1
1731 -1 -1
1732 -1 -1
1733 1733 1
1734 -1 -1
1735 27760 16
1736 74592448 42968
1737 -1 -1
1738 4866400 2800
1739 -1 -1
1740 -1 -1
1741 489335135107449100718396 281065557212779494956
1742 48776 28
1743 -1 -1
1744 -1 -1
1745 6331913980 3628604
1746 -1 -1
1747 -1 -1
1748 -1 -1
1749 -1 -1
1750 140000 80
1751 28107052 16052
1752 -1 -1
1753 14024 8
1754 40271840 22960
1755 -1 -1
1756 -1 -1
1757 -1 -1
1758 -1 -1
1759 -1 -1
1760 1760 1
1761 -1 -1
1762 2470324 1402
1763 53909437120 30578240
1764 -1 -1
1765 -1 -1
1766 3532 2
1767 -1 -1
1768 -1 -1
1769 49532 28
1770 -1 -1
1771 -1 -1
1772 99232 56
1773 -1 -1
1774 -1 -1
1775 -1 -1
1776 -1 -1
1777 -1 -1
1778 -1 -1
1779 -1 -1
1780 1167680 656
1781 498680 280
1782 -1 -1
1783 -1 -1
1784 -1 -1
1785 -1 -1
1786 29633312 16592
1787 -1 -1
1788 -1 -1
1789 -1 -1
1790 13002560 7264
1791 -1 -1
1792 -1 -1
1793 -1 -1
1794 -1 -1
1795 -1 -1
1796 1796 1
1797 -1 -1
1798 28768 16
1799 -1 -1
1800 -1 -1
1801 -1 -1
1802 -1 -1
1803 -1 -1
1804 144320 80
1805 2232802457960 1237009672
1806 -1 -1
1807 -1 -1
1808 164528 91
1809 -1 -1
1810 -1 -1
1811 -1 -1
1812 -1 -1
1813 1102304 608
1814 -1 -1
1815 -1 -1
1816 7264 4
1817 243957688 134264
1818 -1 -1
1819 -1 -1
1820 3640 2
1821 -1 -1
1822 3982892 2186
1823 1823 1
1824 -1 -1
1825 7300 4
1826 3652 2
1827 -1 -1
1828 -1 -1
1829 -1 -1
1830 -1 -1
1831 -1 -1
1832 -1 -1
1833 -1 -1
1834 260428 142
1835 6279105760 3421856
1836 -1 -1
1837 -1 -1
1838 -1 -1
1839 -1 -1
1840 42320 23
1841 -1 -1
1842 -1 -1
1843 -1 -1
1844 335608 182
1845 -1 -1
1846 -1 -1
1847 -1 -1
1848 -1 -1
1849 312399644 168956
1850 1850 1
1851 -1 -1
1852 24076 13
1853 -1 -1
1854 -1 -1
1855 -1 -1
1856 -1 -1
1857 -1 -1
1858 64619887376 34779272
1859 -1 -1
1860 -1 -1
1861 2374636 1276
1862 8818432 4736
1863 -1 -1
1864 -1 -1
1865 -1 -1
1866 -1 -1
1867 3353132 1796
1868 -1 -1
1869 -1 -1
1870 -1 -1
1871 523880 280
1872 -1 -1
1873 542668036 289732
1874 -1 -1
1875 -1 -1
1876 48776 26
1877 -1 -1
1878 -1 -1
1879 15032 8
1880 3760 2
1881 -1 -1
1882 145109728 77104
1883 -1 -1
1884 -1 -1
1885 128180 68
1886 1886 1
1887 -1 -1
1888 21983872 11644
1889 6381873160 3378440
1890 -1 -1
1891 -1 -1
1892 -1 -1
1893 -1 -1
1894 1242464 656
1895 -1 -1
1896 -1 -1
1897 -1 -1
1898 18980 10
1899 -1 -1
1900 247000 130
1901 -1 -1
1902 -1 -1
1903 -1 -1
1904 -1 -1
1905 -1 -1
1906 -1 -1
1907 13337558 6994
1908 -1 -1
1909 1840276 964
1910 -1 -1
1911 -1 -1
1912 388136 203
1913 1913 1
1914 -1 -1
1915 30640 16
1916 -1 -1
1917 -1 -1
1918 -1 -1
1919 -1 -1
1920 -1 -1
1921 1329332 692
1922 -1 -1
1923 -1 -1
1924 -1 -1
1925 19250 10
1926 -1 -1
1927 308320 160
1928 -1 -1
1929 -1 -1
1930 131240 68
1931 -1 -1
1932 -1 -1
1933 7732 4
1934 3868 2
1935 -1 -1
1936 -1 -1
1937 -1 -1
1938 -1 -1
1939 411068 212
1940 1940 1
1941 -1 -1
1942 217504 112
1943 177304718896 91253072
1944 -1 -1
1945 -1 -1
1946 -1 -1
1947 -1 -1
1948 15584 8
1949 -1 -1
1950 -1 -1
1951 7546468 3868
1952 1952 1
1953 -1 -1
1954 312640 160
1955 -1 -1
1956 -1 -1
1957 3444320 1760
1958 -1 -1
1959 -1 -1
1960 7840 4
1961 6644817124 3388484
1962 -1 -1
1963 29719820 15140
1964 -1 -1
1965 -1 -1
1966 4120736 2096
1967 -1 -1
1968 -1 -1
1969 -1 -1
1970 10259980640 5208112
1971 -1 -1
1972 -1 -1
1973 -1 -1
1974 -1 -1
1975 -1 -1
1976 -1 -1
1977 -1 -1
1978 22497772 11374
1979 1979 1
1980 -1 -1
1981 -1 -1
1982 -1 -1
1983 -1 -1
1984 23581143488 11885657
1985 -1 -1
1986 -1 -1
1987 -1 -1
1988 1041712 524
1989 -1 -1
1990 421880 212
1991 -1 -1
1992 -1 -1
1993 -1 -1
1994 -1 -1
1995 -1 -1
1996 -1 -1
1997 -1 -1
1998 -1 -1
1999 -1 -1
2000 -1 -1
2001 -1 -1
2002 16016 8
2003 -1 -1
2004 -1 -1
2005 -1 -1
2006 2006 1
2007 -1 -1
2008 -1 -1
2009 -1 -1
2010 -1 -1
2011 3611756 1796
2012 -1 -1
2013 -1 -1
2014 -1 -1
2015 84404320 41888
2016 -1 -1
2017 6326280160 3136480
2018 -1 -1
2019 -1 -1
2020 1325120 656
2021 -1 -1
2022 -1 -1
2023 -1 -1
2024 -1 -1
2025 -1 -1
2026 -1 -1
2027 -1 -1
2028 -1 -1
2029 -1 -1
2030 -1 -1
2031 -1 -1
2032 -1 -1
2033 -1 -1
2034 -1 -1
2035 -1 -1
2036 -1 -1
2037 -1 -1
2038 -1 -1
2039 -1 -1
2040 -1 -1
2041 -1 -1
2042 2042 1
2043 -1 -1
2044 20440 10
2045 -1 -1
2046 -1 -1
2047 37672988 18404
2048 -1 -1
2049 -1 -1
2050 8200 4
2051 60088811524 29297324
2052 -1 -1
2053 4336239844 2112148
2054 -1 -1
2055 -1 -1
2056 3618560 1760
2057 -1 -1
2058 -1 -1
2059 -1 -1
2060 4120 2
2061 -1 -1
2062 4507532 2186
2063 -1 -1
2064 -1 -1
2065 462560 224
2066 -1 -1
2067 -1 -1
2068 -1 -1
2069 2069 1
2070 -1 -1
2071 33136 16
2072 -1 -1
2073 -1 -1
2074 16592 8
2075 -1 -1
2076 -1 -1
2077 8308 4
2078 4156 2
2079 -1 -1
2080 -1 -1
2081 -1 -1
2082 -1 -1
2083 -1 -1
2084 -1 -1
2085 -1 -1
2086 -1 -1
2087 -1 -1
2088 -1 -1
2089 442868 212
2090 -1 -1
2091 -1 -1
2092 -1 -1
2093 -1 -1
2094 -1 -1
2095 -1 -1
2096 2096 1
2097 -1 -1
2098 33568 16
2099 -1 -1
2100 -1 -1
2101 -1 -1
2102 -1 -1
2103 -1 -1
2104 -1 -1
2105 -1 -1
2106 -1 -1
2107 -1 -1
2108 -1 -1
2109 -1 -1
2110 1940900515040 919858064
2111 -1 -1
2112 -1 -1
2113 -1 -1
2114 -1 -1
2115 -1 -1
2116 42320 20
2117 -1 -1
2118 -1 -1
2119 16952 8
2120 -1 -1
2121 -1 -1
2122 -1 -1
2123 -1 -1
2124 -1 -1
2125 2788000 1312
2126 -1 -1
2127 -1 -1
2128 -1 -1
2129 -1 -1
2130 -1 -1
2131 -1 -1
2132 2132 1
2133 -1 -1
2134 4664924 2186
2135 -1 -1
2136 -1 -1
2137 -1 -1
2138 -1 -1
2139 -1 -1
2140 -1 -1
2141 -1 -1
2142 -1 -1
2143 -1 -1
2144 -1 -1
2145 -1 -1
2146 -1 -1
2147 -1 -1
2148 -1 -1
2149 -1 -1
2150 -1 -1
2151 -1 -1
2152 21520 10
2153 -1 -1
2154 -1 -1
2155 -1 -1
2156 -1 -1
2157 -1 -1
2158 -1 -1
2159 2159 1
2160 -1 -1
2161 112372 52
2162 -1 -1
2163 -1 -1
2164 -1 -1
2165 -1 -1
2166 -1 -1
2167 -1 -1
2168 -1 -1
2169 -1 -1
2170 43400 20
2171 -1 -1
2172 -1 -1
2173 -1 -1
2174 -1 -1
2175 -1 -1
2176 -1 -1
2177 -1 -1
2178 -1 -1
2179 -1 -1
2180 -1 -1
2181 -1 -1
2182 -1 -1
2183 -1 -1
2184 -1 -1
2185 8740 4
2186 2186 1
2187 -1 -1
2188 2188 1
2189 -1 -1
2190 -1 -1
2191 -1 -1
2192 -1 -1
2193 -1 -1
2194 -1 -1
2195 -1 -1
2196 -1 -1
2197 -1 -1
2198 -1 -1
2199 -1 -1
2200 -1 -1
2201 -1 -1
2202 -1 -1
2203 -1 -1
2204 -1 -1
2205 -1 -1
2206 273870488 124148
2207 -1 -1
2208 -1 -1
2209 -1 -1
2210 -1 -1
2211 -1 -1
2212 -1 -1
2213 -1 -1
2214 -1 -1
2215 992320 448
2216 -1 -1
2217 -1 -1
2218 887200 400
2219 -1 -1
2220 -1 -1
2221 -1 -1
2222 -1 -1
2223 -1 -1
2224 -1 -1
2225 -1 -1
2226 -1 -1
2227 -1 -1
2228 -1 -1
2229 -1 -1
2230 -1 -1
2231 -1 -1
2232 -1 -1
2233 40292252 18044
2234 -1 -1
2235 -1 -1
2236 -1 -1
2237 -1 -1
2238 -1 -1
2239 474668 212
2240 -1 -1
2241 -1 -1
2242 4484 2
2243 -1 -1
2244 -1 -1
2245 -1 -1
2246 -1 -1
2247 -1 -1
2248 -1 -1
2249 -1 -1
2250 -1 -1
2251 -1 -1
2252 -1 -1
2253 -1 -1
2254 -1 -1
2255 -1 -1
2256 -1 -1
2257 -1 -1
2258 -1 -1
2259 -1 -1
2260 506240 224
2261 -1 -1
2262 -1 -1
2263 -1 -1
2264 -1 -1
2265 -1 -1
2266 -1 -1
2267 181360 80
2268 -1 -1
2269 -1 -1
2270 -1 -1
2271 -1 -1
2272 -1 -1
2273 -1 -1
2274 -1 -1
2275 34443500 15140
2276 -1 -1
2277 -1 -1
2278 323476 142
2279 -1 -1
2280 -1 -1
2281 -1 -1
2282 -1 -1
2283 -1 -1
2284 -1 -1
2285 -1 -1
2286 -1 -1
2287 1308164 572
2288 -1 -1
2289 -1 -1
2290 -1 -1
2291 -1 -1
2292 -1 -1
2293 -1 -1
2294 4952746 2159
2295 -1 -1
2296 2296 1
2297 -1 -1
2298 -1 -1
2299 -1 -1
2300 -1 -1
2301 -1 -1
2302 102227216 44408
2303 -1 -1
2304 -1 -1
2305 258160 112
2306 -1 -1
2307 -1 -1
2308 -1 -1
2309 -1 -1
2310 -1 -1
2311 -1 -1
2312 -1 -1
2313 -1 -1
2314 4628 2
2315 -1 -1
2316 -1 -1
2317 -1 -1
2318 -1 -1
2319 -1 -1
2320 4375520 1886
2321 60346 26
2322 -1 -1
2323 9292 4
2324 -1 -1
2325 -1 -1
2326 -1 -1
2327 -1 -1
2328 -1 -1
2329 46580 20
2330 -1 -1
2331 -1 -1
2332 282172 121
2333 -1 -1
2334 -1 -1
2335 1624272700 695620
2336 -1 -1
2337 -1 -1
2338 9795125816 4189532
2339 -1 -1
2340 -1 -1
2341 114437444 48884
2342 -1 -1
2343 -1 -1
2344 -1 -1
2345 -1 -1
2346 -1 -1
2347 -1 -1
2348 1227787984 522908
2349 -1 -1
2350 -1 -1
2351 -1 -1
2352 -1 -1
2353 17968270372 7636324
2354 -1 -1
2355 -1 -1
2356 428792 182
2357 37434053441706867892 15882076131398756
2358 -1 -1
2359 -1 -1
2360 -1 -1
2361 -1 -1
2362 236200 100
2363 -1 -1
2364 -1 -1
2365 -1 -1
2366 -1 -1
2367 -1 -1
2368 4736 2
2369 -1 -1
2370 -1 -1
2371 -1 -1
2372 -1 -1
2373 -1 -1
2374 105424592 44408
2375 61750 26
2376 -1 -1
2377 -1 -1
2378 -1 -1
2379 -1 -1
2380 309400 130
2381 -1 -1
2382 -1 -1
2383 -1 -1
2384 -1 -1
2385 -1 -1
2386 1364792 572
2387 -1 -1
2388 -1 -1
2389 -1 -1
2390 -1 -1
2391 -1 -1
2392 55016 23
2393 -1 -1
2394 -1 -1
2395 -1 -1
2396 -1 -1
2397 -1 -1
2398 -1 -1
2399 -1 -1
2400 -1 -1
2401 939693776 391376
2402 669589681131280 278763397640
2403 -1 -1
2404 2404 1
2405 -1 -1
2406 -1 -1
2407 -1 -1
2408 -1 -1
2409 -1 -1
2410 -1 -1
2411 -1 -1
2412 -1 -1
2413 9652 4
2414 -1 -1
2415 -1 -1
2416 -1 -1
2417 -1 -1
2418 -1 -1
2419 -1 -1
2420 365420 151
2421 -1 -1
2422 4844 2
2423 -1 -1
2424 -1 -1
2425 6440800 2656
2426 -1 -1
2427 -1 -1
2428 441896 182
2429 1297586997466004 534206256676
2430 -1 -1
2431 -1 -1
2432 -1 -1
2433 -1 -1
2434 -1 -1
2435 -1 -1
2436 -1 -1
2437 -1 -1
2438 126776 52
2439 -1 -1
2440 2440 1
2441 -1 -1
2442 -1 -1
2443 -1 -1
2444 -1 -1
2445 -1 -1
2446 336995204 137774
2447 47870217877664 19562818912
2448 -1 -1
2449 -1 -1
2450 -1 -1
2451 -1 -1
2452 -1 -1
2453 -1 -1
2454 -1 -1
2455 11361740 4628
2456 -1 -1
2457 -1 -1
2458 -1 -1
2459 -1 -1
2460 -1 -1
2461 -1 -1
2462 -1 -1
2463 -1 -1
2464 167552 68
2465 128180 52
2466 -1 -1
2467 -1 -1
2468 -1 -1
2469 -1 -1
2470 247000 100
2471 -1 -1
2472 -1 -1
2473 -1 -1
2474 266430008 107692
2475 -1 -1
2476 -1 -1
2477 -1 -1
2478 -1 -1
2479 783364 316
2480 -1 -1
2481 -1 -1
2482 49640 20
2483 -1 -1
2484 -1 -1
2485 -1 -1
2486 -1 -1
2487 -1 -1
2488 -1 -1
2489 -1 -1
2490 -1 -1
2491 -1 -1
2492 129584 52
2493 -1 -1
2494 4988 2
2495 -1 -1
2496 -1 -1
2497 2886532 1156
2498 -1 -1
2499 -1 -1
2500 140000 56
2501 20008 8
2502 -1 -1
2503 -1 -1
2504 -1 -1
2505 -1 -1
2506 82196800 32800
2507 -1 -1
2508 -1 -1
2509 170612 68
2510 -1 -1
2511 -1 -1
2512 -1 -1
2513 -1 -1
2514 -1 -1
2515 -1 -1
2516 -1 -1
2517 -1 -1
2518 1673817096146840 664740705380
2519 3214244 1276
2520 -1 -1
2521 -1 -1
2522 -1 -1
2523 -1 -1
2524 32812 13
2525 -1 -1
2526 -1 -1
2527 11967872 4736
2528 40448 16
2529 -1 -1
2530 -1 -1
2531 -1 -1
2532 -1 -1
2533 -1 -1
2534 -1 -1
2535 -1 -1
2536 -1 -1
2537 2517515840 992320
2538 -1 -1
2539 -1 -1
2540 -1 -1
2541 -1 -1
2542 -1 -1
2543 -1 -1
2544 -1 -1
2545 996876500 391700
2546 2779845809678858432 1091848314877792
2547 -1 -1
2548 2548 1
2549 -1 -1
2550 -1 -1
2551 -1 -1
2552 -1 -1
2553 -1 -1
2554 5108 2
2555 20440 8
2556 -1 -1
2557 10228 4
2558 7729684375528 3021768716
2559 -1 -1
2560 -1 -1
2561 -1 -1
2562 -1 -1
2563 -1 -1
2564 387164 151
2565 -1 -1
2566 -1 -1
2567 -1 -1
2568 -1 -1
2569 -1 -1
2570 -1 -1
2571 -1 -1
2572 -1 -1
2573 2420873948 940876
2574 -1 -1
2575 -1 -1
2576 -1 -1
2577 -1 -1
2578 -1 -1
2579 -1 -1
2580 -1 -1
2581 36474692 14132
2582 134264 52
2583 -1 -1
2584 -1 -1
2585 50840488467772300 19667500374380
2586 -1 -1
2587 39167180 15140
2588 -1 -1
2589 -1 -1
2590 1574720 608
2591 1346696480627804 519759351844
2592 -1 -1
2593 -1 -1
2594 -1 -1
2595 -1 -1
2596 -1 -1
2597 -1 -1
2598 -1 -1
2599 -1 -1
2600 -1 -1
2601 -1 -1
2602 -1 -1
2603 -1 -1
2604 -1 -1
2605 -1 -1
2606 -1 -1
2607 -1 -1
2608 5216 2
2609 67834 26
2610 -1 -1
2611 -1 -1
2612 -1 -1
2613 -1 -1
2614 261400 100
2615 -1 -1
2616 -1 -1
2617 -1 -1
2618 41888 16
2619 -1 -1
2620 -1 -1
2621 -1 -1
2622 -1 -1
2623 -1 -1
2624 -1 -1
2625 -1 -1
2626 147056 56
2627 416545807005632 158563306816
2628 -1 -1
2629 -1 -1
2630 -1 -1
2631 -1 -1
2632 34216 13
2633 -1 -1
2634 -1 -1
2635 -1 -1
2636 21088 8
2637 -1 -1
2638 -1 -1
2639 -1 -1
2640 -1 -1
2641 52820 20
2642 -1 -1
2643 -1 -1
2644 14171840 5360
2645 42320 16
2646 -1 -1
2647 -1 -1
2648 -1 -1
2649 -1 -1
2650 -1 -1
2651 -1 -1
2652 -1 -1
2653 -1 -1
2654 21363919724 8049706
2655 -1 -1
2656 2656 1
2657 309476732 116476
2658 -1 -1
2659 -1 -1
2660 -1 -1
2661 -1 -1
2662 5324 2
2663 -1 -1
2664 -1 -1
2665 10660 4
2666 414173764 155354
2667 -1 -1
2668 242788 91
2669 -1 -1
2670 -1 -1
2671 -1 -1
2672 -1 -1
2673 -1 -1
2674 -1 -1
2675 -1 -1
2676 -1 -1
2677 -1 -1
2678 -1 -1
2679 -1 -1
2680 5360 2
2681 -1 -1
2682 -1 -1
2683 -1 -1
2684 1299056 484
2685 -1 -1
2686 370060964 137774
2687 -1 -1
2688 -1 -1
2689 -1 -1
2690 21520 8
2691 -1 -1
2692 2692 1
2693 -1 -1
2694 -1 -1
2695 53900 20
2696 -1 -1
2697 -1 -1
2698 -1 -1
2699 -1 -1
2700 -1 -1
2701 -1 -1
2702 183736 68
2703 -1 -1
2704 -1 -1
2705 -1 -1
2706 -1 -1
2707 -1 -1
2708 1916344666496 707660512
2709 -1 -1
2710 -1 -1
2711 -1 -1
2712 -1 -1
2713 -1 -1
2714 -1 -1
2715 -1 -1
2716 526904 194
2717 -1 -1
2718 -1 -1
2719 -1 -1
2720 62560 23
2721 -1 -1
2722 -1 -1
2723 -1 -1
2724 -1 -1
2725 -1 -1
2726 -1 -1
2727 -1 -1
2728 -1 -1
2729 1659232 608
2730 -1 -1
2731 -1 -1
2732 -1 -1
2733 -1 -1
2734 5468 2
2735 21880 8
2736 -1 -1
2737 -1 -1
2738 2007033971504 733029208
2739 -1 -1
2740 498680 182
2741 -1 -1
2742 -1 -1
2743 -1 -1
2744 71344 26
2745 -1 -1
2746 -1 -1
2747 439520 160
2748 -1 -1
2749 7400308 2692
2750 -1 -1
2751 -1 -1
2752 37083200 13475
2753 -1 -1
2754 -1 -1
2755 -1 -1
2756 -1 -1
2757 -1 -1
2758 13359752 4844
2759 1707072858524 618728836
2760 -1 -1
2761 -1 -1
2762 3142353047932 1137709286
2763 -1 -1
2764 -1 -1
2765 4866400 1760
2766 -1 -1
2767 55340 20
2768 -1 -1
2769 -1 -1
2770 -1 -1
2771 1141652 412
2772 -1 -1
2773 -1 -1
2774 443840 160
2775 -1 -1
2776 11104 4
2777 -1 -1
2778 -1 -1
2779 -1 -1
2780 5826880 2096
2781 -1 -1
2782 -1 -1
2783 189244 68
2784 -1 -1
2785 -1 -1
2786 -1 -1
2787 -1 -1
2788 5576 2
2789 223120 80
2790 -1 -1
2791 -1 -1
2792 1798048 644
2793 -1 -1
2794 508508 182
2795 -1 -1
2796 -1 -1
2797 -1 -1
2798 -1 -1
2799 -1 -1
2800 2800 1
2801 145652 52
2802 -1 -1
2803 11212 4
2804 -1 -1
2805 -1 -1
2806 5612 2
2807 -1 -1
2808 -1 -1
2809 -1 -1
2810 5122630 1823
2811 -1 -1
2812 78736 28
2813 570065938292 202654084
2814 -1 -1
2815 -1 -1
2816 22528 8
2817 -1 -1
2818 -1 -1
2819 -1 -1
2820 -1 -1
2821 -1 -1
2822 -1 -1
2823 -1 -1
2824 892384 316
2825 -1 -1
2826 -1 -1
2827 -1 -1
2828 147056 52
2829 -1 -1
2830 -1 -1
2831 -1 -1
2832 -1 -1
2833 -1 -1
2834 5787028 2042
2835 -1 -1
2836 -1 -1
2837 1272349108 448484
2838 -1 -1
2839 -1 -1
2840 -1 -1
2841 -1 -1
2842 -1 -1
2843 2069704 728
2844 -1 -1
2845 -1 -1
2846 36152920144 12703064
2847 -1 -1
2848 -1 -1
2849 2490675572 874228
2850 -1 -1
2851 -1 -1
2852 53027236 18593
2853 -1 -1
2854 -1 -1
2855 -1 -1
2856 -1 -1
2857 -1 -1
2858 854257926232 298900604
2859 -1 -1
2860 5720 2
2861 -1 -1
2862 -1 -1
2863 -1 -1
2864 458240 160
2865 -1 -1
2866 160496 56
2867 -1 -1
2868 -1 -1
2869 -1 -1
2870 22960 8
2871 -1 -1
2872 -1 -1
2873 -1 -1
2874 -1 -1
2875 -1 -1
2876 -1 -1
2877 -1 -1
2878 -1 -1
2879 -1 -1
2880 -1 -1
2881 -1 -1
2882 2118219397844 734982442
2883 -1 -1
2884 -1 -1
2885 -1 -1
2886 -1 -1
2887 -1 -1
2888 410096 142
2889 -1 -1
2890 -1 -1
2891 46256 16
2892 -1 -1
2893 -1 -1
2894 -1 -1
2895 -1 -1
2896 -1 -1
2897 12516001804 4320332
2898 -1 -1
2899 -1 -1
2900 414769600 143024
2901 -1 -1
2902 -1 -1
2903 -1 -1
2904 -1 -1
2905 -1 -1
2906 -1 -1
2907 -1 -1
2908 2908 1
2909 197812 68
2910 -1 -1
2911 11644 4
2912 -1 -1
2913 -1 -1
2914 5828 2
2915 -1 -1
2916 -1 -1
2917 -1 -1
2918 46688 16
2919 -1 -1
2920 2920 1
2921 -1 -1
2922 -1 -1
2923 -1 -1
2924 23392 8
2925 -1 -1
2926 -1 -1
2927 25968344000 8872000
2928 -1 -1
2929 248332336 84784
2930 203424467780 69428146
2931 -1 -1
2932 -1 -1
2933 -1 -1
2934 -1 -1
2935 -1 -1
2936 1785088 608
2937 -1 -1
2938 164528 56
2939 -1 -1
2940 -1 -1
2941 -1 -1
2942 3595124 1222
2943 -1 -1
2944 -1 -1
2945 153140 52
2946 -1 -1
2947 330064 112
2948 271566812 92119
2949 -1 -1
2950 -1 -1
2951 273883332220498 92810346398
2952 -1 -1
2953 -1 -1
2954 1689688 572
2955 -1 -1
2956 22616356 7651
2957 -1 -1
2958 -1 -1
2959 -1 -1
2960 88362954804160 29852349596
2961 -1 -1
2962 -1 -1
2963 48042082 16214
2964 -1 -1
2965 -1 -1
2966 -1 -1
2967 -1 -1
2968 -1 -1
2969 -1 -1
2970 -1 -1
2971 -1 -1
2972 242990862656 81760048
2973 -1 -1
2974 5948 2
2975 -1 -1
2976 -1 -1
2977 -1 -1
2978 77428 26
2979 -1 -1
2980 -1 -1
2981 -1 -1
2982 -1 -1
2983 -1 -1
2984 -1 -1
2985 -1 -1
2986 6171106480 2066680
2987 -1 -1
2988 -1 -1
2989 -1 -1
2990 203320 68
2991 -1 -1
2992 167552 56
2993 59860 20
2994 -1 -1
2995 -1 -1
2996 3661112 1222
2997 -1 -1
2998 -1 -1
2999 12463844 4156
3000 -1 -1
3001 -1 -1
3002 -1 -1
3003 -1 -1
3004 -1 -1
3005 24040 8
3006 -1 -1
3007 -1 -1
3008 48128 16
3009 -1 -1
3010 -1 -1
3011 -1 -1
3012 -1 -1
3013 -1 -1
3014 702262 233
3015 -1 -1
3016 -1 -1
3017 444645460 147380
3018 -1 -1
3019 10339386668 3424772
3020 120800 40
3021 -1 -1
3022 2913208 964
3023 13159288288 4353056
3024 -1 -1
3025 -1 -1
3026 14530781632874407675664019627047175572 4801976745827629767238605296446522
3027 -1 -1
3028 3028 1
3029 130150072 42968
3030 -1 -1
3031 -1 -1
3032 -1 -1
3033 -1 -1
3034 -1 -1
3035 3981920 1312
3036 -1 -1
3037 340144 112
3038 -1 -1
3039 -1 -1
3040 -1 -1
3041 -1 -1
3042 -1 -1
3043 -1 -1
3044 3997091620 1313105
3045 -1 -1
3046 6092 2
3047 79222 26
3048 -1 -1
3049 -1 -1
3050 24400 8
3051 -1 -1
3052 -1 -1
3053 476768692 156164
3054 -1 -1
3055 12220 4
3056 -1 -1
3057 -1 -1
3058 -1 -1
3059 -1 -1
3060 -1 -1
3061 -1 -1
3062 -1 -1
3063 -1 -1
3064 30640 10
3065 -1 -1
3066 -1 -1
3067 -1 -1
3068 -1 -1
3069 -1 -1
3070 -1 -1
3071 2755436324 897244
3072 -1 -1
3073 -1 -1
3074 15159029371995572 4931369346778
3075 -1 -1
3076 -1 -1
3077 1473846076 478988
3078 -1 -1
3079 -1 -1
3080 35863520 11644
3081 -1 -1
3082 -1 -1
3083 -1 -1
3084 -1 -1
3085 -1 -1
3086 -1 -1
3087 -1 -1
3088 -1 -1
3089 -1 -1
3090 -1 -1
3091 -1 -1
3092 566746507424 183294472
3093 -1 -1
3094 309400 100
3095 -1 -1
3096 -1 -1
3097 -1 -1
3098 3041250836 981682
3099 -1 -1
3100 6200 2
3101 750442 242
3102 -1 -1
3103 -1 -1
3104 24832 8
3105 -1 -1
3106 -1 -1
3107 -1 -1
3108 -1 -1
3109 -1 -1
3110 497600 160
3111 -1 -1
3112 -1 -1
3113 -1 -1
3114 -1 -1
3115 -1 -1
3116 71668 23
3117 -1 -1
3118 -1 -1
3119 -1 -1
3120 -1 -1
3121 -1 -1
3122 -1 -1
3123 -1 -1
3124 -1 -1
3125 1400000 448
3126 -1 -1
3127 -1 -1
3128 62560 20
3129 -1 -1
3130 989080 316
3131 40967669692 13084532
3132 -1 -1
3133 -1 -1
3134 -1 -1
3135 -1 -1
3136 3136 1
3137 125480 40
3138 -1 -1
3139 -1 -1
3140 -1 -1
3141 -1 -1
3142 -1 -1
3143 50288 16
3144 -1 -1
3145 12580 4
3146 -1 -1
3147 -1 -1
3148 -1 -1
3149 -1 -1
3150 -1 -1
3151 -1 -1
3152 -1 -1
3153 -1 -1
3154 6308 2
3155 39689900 12580
3156 -1 -1
3157 24750880 7840
3158 366586952842 116081999
3159 -1 -1
3160 -1 -1
3161 16829164 5324
3162 -1 -1
3163 -1 -1
3164 164528 52
3165 -1 -1
3166 4885019312992 1542962512
3167 -1 -1
3168 -1 -1
3169 -1 -1
3170 -1 -1
3171 -1 -1
3172 3172 1
3173 -1 -1
3174 -1 -1
3175 -1 -1
3176 -1 -1
3177 -1 -1
3178 -1 -1
3179 -1 -1
3180 -1 -1
3181 -1 -1
3182 1963846509752 617173636
3183 -1 -1
3184 -1 -1
3185 25480 8
3186 -1 -1
3187 -1 -1
3188 452696 142
3189 -1 -1
3190 -1 -1
3191 535692316 167876
3192 -1 -1
3193 -1 -1
3194 -1 -1
3195 -1 -1
3196 -1 -1
3197 -1 -1
3198 -1 -1
3199 -1 -1
3200 483200 151
3201 -1 -1
3202 -1 -1
3203 -1 -1
3204 -1 -1
3205 -1 -1
3206 156722104 48884
3207 -1 -1
3208 -1 -1
3209 405770913184 126447776
3210 -1 -1
3211 -1 -1
3212 417560 130
3213 -1 -1
3214 -1 -1
3215 8764115720 2726008
3216 -1 -1
3217 -1 -1
3218 31060136 9652
3219 -1 -1
3220 -1 -1
3221 -1 -1
3222 -1 -1
3223 -1 -1
3224 -1 -1
3225 -1 -1
3226 6452 2
3227 258160 80
3228 -1 -1
3229 -1 -1
3230 -1 -1
3231 -1 -1
3232 -1 -1
3233 51728 16
3234 -1 -1
3235 68569060 21196
3236 -1 -1
3237 -1 -1
3238 323800 100
3239 25912 8
3240 -1 -1
3241 -1 -1
3242 153463312 47336
3243 -1 -1
3244 -1 -1
3245 11476929799250820080 3536804252465584
3246 -1 -1
3247 -1 -1
3248 -1 -1
3249 -1 -1
3250 -1 -1
3251 221068 68
3252 -1 -1
3253 -1 -1
3254 520640 160
3255 -1 -1
3256 -1 -1
3257 -1 -1
3258 -1 -1
3259 -1 -1
3260 52160 16
3261 -1 -1
3262 -1 -1
3263 -1 -1
3264 -1 -1
3265 242576440 74296
3266 101128424 30964
3267 -1 -1
3268 -1 -1
3269 -1 -1
3270 -1 -1
3271 -1 -1
3272 1116131552 341116
3273 -1 -1
3274 -1 -1
3275 -1 -1
3276 -1 -1
3277 -1 -1
3278 4182728 1276
3279 -1 -1
3280 3280 1
3281 6562 2
3282 -1 -1
3283 -1 -1
3284 -1 -1
3285 -1 -1
3286 -1 -1
3287 -1 -1
3288 -1 -1
3289 -1 -1
3290 -1 -1
3291 -1 -1
3292 24564904 7462
3293 307882328 93496
3294 -1 -1
3295 -1 -1
3296 1510359040 458240
3297 -1 -1
3298 -1 -1
3299 20097508 6092
3300 -1 -1
3301 -1 -1
3302 319600580 96790
3303 -1 -1
3304 -1 -1
3305 17714800 5360
3306 -1 -1
3307 -1 -1
3308 400268 121
3309 -1 -1
3310 -1 -1
3311 -1 -1
3312 -1 -1
3313 -1 -1
3314 -1 -1
3315 -1 -1
3316 -1 -1
3317 201590157548 60774844
3318 -1 -1
3319 -1 -1
3320 6440800 1940
3321 -1 -1
3322 -1 -1
3323 644662 194
3324 -1 -1
3325 -1 -1
3326 6881494 2069
3327 -1 -1
3328 -1 -1
3329 -1 -1
3330 -1 -1
3331 -1 -1
3332 27481596296 8247778
3333 -1 -1
3334 -1 -1
3335 807070 242
3336 -1 -1
3337 -1 -1
3338 -1 -1
3339 -1 -1
3340 -1 -1
3341 1244619972218324 372529174564
3342 -1 -1
3343 2620912 784
3344 779152 233
3345 -1 -1
3346 33460 10
3347 -1 -1
3348 -1 -1
3349 -1 -1
3350 1916200 572
3351 -1 -1
3352 -1 -1
3353 1656502708 494036
3354 -1 -1
3355 -1 -1
3356 436280 130
3357 -1 -1
3358 -1 -1
3359 -1 -1
3360 -1 -1
3361 537760 160
3362 6724 2
3363 -1 -1
3364 -1 -1
3365 -1 -1
3366 -1 -1
3367 -1 -1
3368 481704832 143024
3369 -1 -1
3370 -1 -1
3371 188007412 55772
3372 -1 -1
3373 -1 -1
3374 -1 -1
3375 -1 -1
3376 -1 -1
3377 77671 23
3378 -1 -1
3379 -1 -1
3380 479960 142
3381 -1 -1
3382 1183484418853948 349936256314
3383 -1 -1
3384 -1 -1
3385 -1 -1
3386 1395032 412
3387 -1 -1
3388 3388 1
3389 13556 4
3390 -1 -1
3391 -1 -1
3392 -1 -1
3393 -1 -1
3394 -1 -1
3395 658630 194
3396 -1 -1
3397 -1 -1
3398 380576 112
3399 -1 -1
3400 309400 91
3401 -1 -1
3402 -1 -1
3403 -1 -1
3404 -1 -1
3405 -1 -1
3406 -1 -1
3407 9600271856 2817808
3408 -1 -1
3409 -1 -1
3410 65382540869501966867900 19173765650880342190
3411 -1 -1
3412 -1 -1
3413 -1 -1
3414 -1 -1
3415 -1 -1
3416 6832 2
3417 -1 -1
3418 -1 -1
3419 -1 -1
3420 -1 -1
3421 -1 -1
3422 -1 -1
3423 -1 -1
3424 3424 1
3425 1123400 328
3426 -1 -1
3427 -1 -1
3428 726736 212
3429 -1 -1
3430 -1 -1
3431 -1 -1
3432 -1 -1
3433 -1 -1
3434 28591010108 8325862
3435 -1 -1
3436 28175200 8200
3437 969453968 282064
3438 -1 -1
3439 -1 -1
3440 233920 68
3441 -1 -1
3442 -1 -1
3443 35279413901842 10246707494
3444 -1 -1
3445 -1 -1
3446 -1 -1
3447 -1 -1
3448 -1 -1
3449 267049172 77428
3450 -1 -1
3451 -1 -1
3452 -1 -1
3453 -1 -1
3454 -1 -1
3455 -1 -1
3456 -1 -1
3457 -1 -1
3458 -1 -1
3459 -1 -1
3460 -1 -1
3461 2519608 728
3462 -1 -1
3463 -1 -1
3464 -1 -1
3465 -1 -1
3466 -1 -1
3467 -1 -1
3468 -1 -1
3469 180388 52
3470 27760 8
3471 -1 -1
3472 -1 -1
3473 -1 -1
3474 -1 -1
3475 -1 -1
3476 21305502416 6129316
3477 -1 -1
3478 -1 -1
3479 -1 -1
3480 -1 -1
3481 -1 -1
3482 -1 -1
3483 -1 -1
3484 -1 -1
3485 -1 -1
3486 -1 -1
3487 -1 -1
3488 20746624 5948
3489 -1 -1
3490 -1 -1
3491 -1 -1
3492 -1 -1
3493 -1 -1
3494 18727840 5360
3495 -1 -1
3496 -1 -1
3497 6994 2
3498 -1 -1
3499 2250570796 643204
3500 140000 40
3501 -1 -1
3502 -1 -1
3503 9580921485400 2735061800
3504 -1 -1
3505 -1 -1
3506 14024 4
3507 -1 -1
3508 -1 -1
3509 6617974 1886
3510 -1 -1
3511 -1 -1
3512 3385568 964
3513 -1 -1
3514 -1 -1
3515 196840 56
3516 -1 -1
3517 -1 -1
3518 -1 -1
3519 -1 -1
3520 -1 -1
3521 -1 -1
3522 -1 -1
3523 -1 -1
3524 120577184 34216
3525 -1 -1
3526 -1 -1
3527 -1 -1
3528 -1 -1
3529 -1 -1
3530 4271300 1210
3531 -1 -1
3532 3532 1
3533 14132 4
3534 -1 -1
3535 -1 -1
3536 -1 -1
3537 -1 -1
3538 -1 -1
3539 -1 -1
3540 -1 -1
3541 -1 -1
3542 52669540 14870
3543 -1 -1
3544 99232 28
3545 -1 -1
3546 -1 -1
3547 -1 -1
3548 -1 -1
3549 -1 -1
3550 -1 -1
3551 7102 2
3552 -1 -1
3553 -1 -1
3554 -1 -1
3555 -1 -1
3556 -1 -1
3557 18169156 5108
3558 -1 -1
3559 -1 -1
3560 1167680 328
3561 -1 -1
3562 -1 -1
3563 -1 -1
3564 -1 -1
3565 -1 -1
3566 -1 -1
3567 -1 -1
3568 -1 -1
3569 649558 182
3570 -1 -1
3571 -1 -1
3572 -1 -1
3573 -1 -1
3574 -1 -1
3575 -1 -1
3576 -1 -1
3577 186004 52
3578 3980142722902 1112393159
3579 -1 -1
3580 82196800 22960
3581 43471111169070104 12139377595384
3582 -1 -1
3583 -1 -1
3584 695296 194
3585 -1 -1
3586 290571980644 81029554
3587 -1 -1
3588 -1 -1
3589 -1 -1
3590 82570 23
3591 -1 -1
3592 -1 -1
3593 5423849281208 1509560056
3594 -1 -1
3595 -1 -1
3596 28768 8
3597 -1 -1
3598 -1 -1
3599 244732 68
3600 -1 -1
3601 -1 -1
3602 -1 -1
3603 -1 -1
3604 -1 -1
3605 4599980 1276
3606 -1 -1
3607 10049559442741024 2786126820832
3608 144320 40
3609 -1 -1
3610 -1 -1
3611 -1 -1
3612 -1 -1
3613 -1 -1
3614 -1 -1
3615 -1 -1
3616 -1 -1
3617 35301920 9760
3618 -1 -1
3619 -1 -1
3620 -1 -1
3621 -1 -1
3622 -1 -1
3623 57968 16
3624 -1 -1
3625 -1 -1
3626 2204608 608
3627 -1 -1
3628 -1 -1
3629 -1 -1
3630 -1 -1
3631 -1 -1
3632 7264 2
3633 -1 -1
3634 -1 -1
3635 -1 -1
3636 -1 -1
3637 -1 -1
3638 18582904 5108
3639 -1 -1
3640 3640 1
3641 14564 4
3642 -1 -1
3643 -1 -1
3644 3982892 1093
3645 -1 -1
3646 -1 -1
3647 7717183292 2116036
3648 -1 -1
3649 -1 -1
3650 7300 2
3651 -1 -1
3652 3652 1
3653 -1 -1
3654 -1 -1
3655 -1 -1
3656 -1 -1
3657 -1 -1
3658 190216 52
3659 7096222872764 1939388596
3660 -1 -1
3661 1146877505093068 313268916988
3662 37454936 10228
3663 -1 -1
3664 -1 -1
3665 -1 -1
3666 -1 -1
3667 -1 -1
3668 1922032 524
3669 -1 -1
3670 -1 -1
3671 -1 -1
3672 -1 -1
3673 -1 -1
3674 278121800 75700
3675 -1 -1
3676 -1 -1
3677 491603869 133697
3678 -1 -1
3679 -1 -1
3680 -1 -1
3681 -1 -1
3682 -1 -1
3683 28874720 7840
3684 -1 -1
3685 -1 -1
3686 4504292 1222
3687 -1 -1
3688 335608 91
3689 21101080 5720
3690 -1 -1
3691 -1 -1
3692 479960 130
3693 -1 -1
3694 557794 151
3695 3427452440 927592
3696 -1 -1
3697 -1 -1
3698 56963209503200 15403788400
3699 -1 -1
3700 -1 -1
3701 -1 -1
3702 -1 -1
3703 -1 -1
3704 96304 26
3705 -1 -1
3706 -1 -1
3707 -1 -1
3708 -1 -1
3709 -1 -1
3710 9853760 2656
3711 -1 -1
3712 -1 -1
3713 21896317679696 5897203792
3714 -1 -1
3715 -1 -1
3716 -1 -1
3717 -1 -1
3718 -1 -1
3719 297520 80
3720 -1 -1
3721 59536 16
3722 3477218948 934234
3723 -1 -1
3724 -1 -1
3725 -1 -1
3726 -1 -1
3727 -1 -1
3728 -1 -1
3729 -1 -1
3730 -1 -1
3731 7462 2
3732 -1 -1
3733 -1 -1
3734 253912 68
3735 -1 -1
3736 -1 -1
3737 138578133549008 37082722384
3738 -1 -1
3739 -1 -1
3740 -1 -1
3741 -1 -1
3742 -1 -1
3743 -1 -1
3744 -1 -1
3745 -1 -1
3746 4330376 1156
3747 -1 -1
3748 -1 -1
3749 -1 -1
3750 -1 -1
3751 -1 -1
3752 48776 13
3753 -1 -1
3754 -1 -1
3755 -1 -1
3756 -1 -1
3757 -1 -1
3758 15032 4
3759 -1 -1
3760 3760 1
3761 4212320 1120
3762 -1 -1
3763 -1 -1
3764 290219456 77104
3765 -1 -1
3766 195832 52
3767 -1 -1
3768 -1 -1
3769 -1 -1
3770 2427880 644
3771 -1 -1
3772 -1 -1
3773 301840 80
3774 -1 -1
3775 570025 151
3776 3378817664 894814
3777 -1 -1
3778 20050201132 5307094
3779 -1 -1
3780 -1 -1
3781 -1 -1
3782 378200 100
3783 -1 -1
3784 -1 -1
3785 7570 2
3786 -1 -1
3787 -1 -1
3788 1242464 328
3789 -1 -1
3790 -1 -1
3791 -1 -1
3792 -1 -1
3793 -1 -1
3794 1434890800 378200
3795 -1 -1
3796 37960 10
3797 20215228 5324
3798 -1 -1
3799 -1 -1
3800 5968751200 1570724
3801 -1 -1
3802 -1 -1
3803 445898228422 117249074
3804 -1 -1
3805 -1 -1
3806 -1 -1
3807 -1 -1
3808 -1 -1
3809 119587364 31396
3810 -1 -1
3811 -1 -1
3812 19014256 4988
3813 -1 -1
3814 -1 -1
3815 340069100 89140
3816 -1 -1
3817 -1 -1
3818 3680552 964
3819 -1 -1
3820 -1 -1
3821 -1 -1
3822 -1 -1
3823 -1 -1
3824 -1 -1
3825 -1 -1
3826 -1 -1
3827 8365822 2186
3828 -1 -1
3829 61264 16
3830 30640 8
3831 -1 -1
3832 -1 -1
3833 137453695132 35860604
3834 -1 -1
3835 -1 -1
3836 498680 130
3837 -1 -1
3838 -1 -1
3839 -1 -1
3840 -1 -1
3841 -1 -1
3842 -1 -1
3843 -1 -1
3844 -1 -1
3845 155199853733240 40364071192
3846 -1 -1
3847 -1 -1
3848 -1 -1
3849 -1 -1
3850 -1 -1
3851 88573 23
3852 -1 -1
3853 -1 -1
3854 308320 80
3855 -1 -1
3856 3946461760 1023460
3857 206642632 53576
3858 -1 -1
3859 738211264 191296
3860 262480 68
3861 -1 -1
3862 -1 -1
3863 -1 -1
3864 -1 -1
3865 -1 -1
3866 7732 2
3867 -1 -1
3868 3868 1
3869 15476 4
3870 -1 -1
3871 -1 -1
3872 -1 -1
3873 -1 -1
3874 -1 -1
3875 -1 -1
3876 -1 -1
3877 -1 -1
3878 2218216 572
3879 -1 -1
3880 -1 -1
3881 93299240 24040
3882 -1 -1
3883 141807160 36520
3884 217504 56
3885 -1 -1
3886 -1 -1
3887 192530884 49532
3888 -1 -1
3889 -1 -1
3890 -1 -1
3891 -1 -1
3892 -1 -1
3893 -1 -1
3894 -1 -1
3895 -1 -1
3896 15584 4
3897 -1 -1
3898 -1 -1
3899 375489296 96304
3900 -1 -1
3901 -1 -1
3902 -1 -1
3903 -1 -1
3904 3904 1
3905 35863520 9184
3906 -1 -1
3907 -1 -1
3908 312640 80
3909 -1 -1
3910 62560 16
3911 31288 8
3912 -1 -1
3913 -1 -1
3914 -1 -1
3915 -1 -1
3916 -1 -1
3917 391700 100
3918 -1 -1
3919 32184003700 8212300
3920 7840 2
3921 -1 -1
3922 -1 -1
3923 2526412 644
3924 -1 -1
3925 -1 -1
3926 29719820 7570
3927 -1 -1
3928 -1 -1
3929 -1 -1
3930 -1 -1
3931 4783696167040 1216915840
3932 -1 -1
3933 -1 -1
3934 -1 -1
3935 -1 -1
3936 -1 -1
3937 629920 160
3938 8150494352 2069704
3939 -1 -1
3940 -1 -1
3941 267988 68
3942 -1 -1
3943 -1 -1
3944 -1 -1
3945 -1 -1
3946 -1 -1
3947 -1 -1
3948 -1 -1
3949 -1 -1
3950 -1 -1
3951 -1 -1
3952 -1 -1
3953 8641258 2186
3954 -1 -1
3955 -1 -1
3956 -1 -1
3957 -1 -1
3958 -1 -1
3959 -1 -1
3960 -1 -1
3961 -1 -1
3962 13423256 3388
3963 -1 -1
3964 36427078900 9189475
3965 31720 8
3966 -1 -1
3967 3110128 784
3968 805504 203
3969 -1 -1
3970 -1 -1
3971 1098203876 276556
3972 -1 -1
3973 -1 -1
3974 -1 -1
3975 -1 -1
3976 -1 -1
3977 771538 194
3978 -1 -1
3979 -1 -1
3980 3621800 910
3981 -1 -1
3982 -1 -1
3983 -1 -1
3984 -1 -1
3985 4821850 1210
3986 8007644454088504 2008942411964
3987 -1 -1
3988 -1 -1
3989 13514732 3388
3990 -1 -1
3991 -1 -1
3992 -1 -1
3993 -1 -1
3994 755840536 189244
3995 64127740 16052
3996 -1 -1
3997 -1 -1
3998 12959609193880 3241523060
3999 -1 -1
4000 -1 -1
4001 8002 2
4002 -1 -1
4003 -1 -1
4004 16016 4
4005 -1 -1
4006 -1 -1
4007 2243920 560
4008 -1 -1
4009 -1 -1
4010 -1 -1
4011 -1 -1
4012 4012 1
4013 16052 4
4014 -1 -1
4015 -1 -1
4016 -1 -1
4017 -1 -1
4018 64288 16
4019 8038 2
4020 -1 -1
4021 -1 -1
4022 -1 -1
4023 -1 -1
4024 -1 -1
4025 -1 -1
4026 -1 -1
4027 140832244 34972
4028 -1 -1
4029 -1 -1
4030 -1 -1
4031 -1 -1
4032 -1 -1
4033 -1 -1
4034 7983286 1979
4035 -1 -1
4036 -1 -1
4037 -1 -1
4038 -1 -1
4039 -1 -1
4040 1325120 328
4041 -1 -1
4042 -1 -1
4043 -1 -1
4044 -1 -1
4045 1000061432920 247233976
4046 -1 -1
4047 -1 -1
4048 -1 -1
4049 -1 -1
4050 -1 -1
4051 -1 -1
4052 -1 -1
4053 -1 -1
4054 -1 -1
4055 -1 -1
4056 -1 -1
4057 -1 -1
4058 787252 194
4059 -1 -1
4060 -1 -1
4061 2664016 656
4062 -1 -1
4063 -1 -1
4064 6299200 1550
4065 -1 -1
4066 -1 -1
4067 276556 68
4068 -1 -1
4069 -1 -1
4070 23131226360 5683348
4071 -1 -1
4072 -1 -1
4073 -1 -1
4074 -1 -1
4075 -1 -1
4076 -1 -1
4077 -1 -1
4078 -1 -1
4079 -1 -1
4080 -1 -1
4081 1975204 484
4082 -1 -1
4083 -1 -1
4084 -1 -1
4085 866020 212
4086 -1 -1
4087 -1 -1
4088 40880 10
4089 -1 -1
4090 -1 -1
4091 -1 -1
4092 -1 -1
4093 -1 -1
4094 3983386003078 972981437
4095 -1 -1
4096 -1 -1
4097 954601 233
4098 -1 -1
4099 65584 16
4100 8200 2
4101 -1 -1
4102 -1 -1
4103 80750502932 19680844
4104 -1 -1
4105 -1 -1
4106 13911128 3388
4107 -1 -1
4108 46058896 11212
4109 -1 -1
4110 -1 -1
4111 -1 -1
4112 94576 23
4113 -1 -1
4114 -1 -1
4115 219131980 53252
4116 -1 -1
4117 -1 -1
4118 -1 -1
4119 -1 -1
4120 4120 1
4121 16484 4
4122 -1 -1
4123 -1 -1
4124 713452 173
4125 -1 -1
4126 214552 52
4127 -1 -1
4128 -1 -1
4129 -1 -1
4130 462560 112
4131 -1 -1
4132 -1 -1
4133 -1 -1
4134 -1 -1
4135 1375532560 332656
4136 -1 -1
4137 -1 -1
4138 -1 -1
4139 -1 -1
4140 -1 -1
4141 -1 -1
4142 33136 8
4143 -1 -1
4144 -1 -1
4145 -1 -1
4146 -1 -1
4147 -1 -1
4148 16592 4
4149 -1 -1
4150 -1 -1
4151 -1 -1
4152 -1 -1
4153 52244740 12580
4154 8308 2
4155 -1 -1
4156 4156 1
4157 2192551618280 527436040
4158 -1 -1
4159 -1 -1
4160 -1 -1
4161 -1 -1
4162 -1 -1
4163 -1 -1
4164 -1 -1
4165 -1 -1
4166 -1 -1
4167 -1 -1
4168 -1 -1
4169 6045792082 1450178
4170 -1 -1
4171 -1 -1
4172 -1 -1
4173 -1 -1
4174 -1 -1
4175 -1 -1
4176 -1 -1
4177 -1 -1
4178 94121984 22528
4179 -1 -1
4180 -1 -1
4181 -1 -1
4182 -1 -1
4183 -1 -1
4184 -1 -1
4185 -1 -1
4186 -1 -1
4187 9152782 2186
4188 -1 -1
4189 2027476 484
4190 -1 -1
4191 -1 -1
4192 -1 -1
4193 -1 -1
4194 -1 -1
4195 -1 -1
4196 33568 8
4197 -1 -1
4198 -1 -1
4199 -1 -1
4200 -1 -1
4201 -1 -1
4202 627232540 149270
4203 -1 -1
4204 -1 -1
4205 727465 173
4206 -1 -1
4207 -1 -1
4208 -1 -1
4209 -1 -1
4210 -1 -1
4211 -1 -1
4212 -1 -1
4213 -1 -1
4214 3303776 784
4215 -1 -1
4216 -1 -1
4217 24121240 5720
4218 -1 -1
4219 -1 -1
4220 -1 -1
4221 -1 -1
4222 -1 -1
4223 84460 20
4224 -1 -1
4225 -1 -1
4226 -1 -1
4227 -1 -1
4228 -1 -1
4229 151328387668 35783492
4230 -1 -1
4231 -1 -1
4232 42320 10
4233 -1 -1
4234 -1 -1
4235 8470 2
4236 -1 -1
4237 -1 -1
4238 16952 4
4239 -1 -1
4240 -1 -1
4241 8507446 2006
4242 -1 -1
4243 12330497440 2906080
4244 73892284 17411
4245 -1 -1
4246 -1 -1
4247 22152352 5216
4248 -1 -1
4249 -1 -1
4250 2788000 656
4251 -1 -1
4252 603784 142
4253 -1 -1
4254 -1 -1
4255 -1 -1
4256 7873600 1850
4257 -1 -1
4258 -1 -1
4259 -1 -1
4260 -1 -1
4261 -1 -1
4262 -1 -1
4263 -1 -1
4264 4264 1
4265 17060 4
4266 -1 -1
4267 -1 -1
4268 4664924 1093
4269 -1 -1
4270 68320 16
4271 905452 212
4272 -1 -1
4273 -1 -1
4274 11708938523776 2739573824
4275 -1 -1
4276 -1 -1
4277 34216 8
4278 -1 -1
4279 -1 -1
4280 8984524640 2099188
4281 -1 -1
4282 -1 -1
4283 2604064 608
4284 -1 -1
4285 -1 -1
4286 -1 -1
4287 -1 -1
4288 -1 -1
4289 8578 2
4290 -1 -1
4291 -1 -1
4292 1840375264 428792
4293 -1 -1
4294 -1 -1
4295 9388870 2186
4296 -1 -1
4297 18786484 4372
4298 25800936980 6003010
4299 -1 -1
4300 -1 -1
4301 -1 -1
4302 -1 -1
4303 -1 -1
4304 -1 -1
4305 -1 -1
4306 -1 -1
4307 33766880 7840
4308 -1 -1
4309 -1 -1
4310 -1 -1
4311 -1 -1
4312 -1 -1
4313 -1 -1
4314 -1 -1
4315 -1 -1
4316 -1 -1
4317 -1 -1
4318 -1 -1
4319 -1 -1
4320 -1 -1
4321 -1 -1
4322 112372 26
4323 -1 -1
4324 -1 -1
4325 99475 23
4326 -1 -1
4327 -1 -1
4328 -1 -1
4329 -1 -1
4330 -1 -1
4331 34648 8
4332 -1 -1
4333 -1 -1
4334 781748632314304153664 180375780414006496
4335 -1 -1
4336 -1 -1
4337 -1 -1
4338 -1 -1
4339 -1 -1
4340 43400 10
4341 -1 -1
4342 -1 -1
4343 -1 -1
4344 -1 -1
4345 4866400 1120
4346 2485912 572
4347 -1 -1
4348 -1 -1
4349 18961031140 4359860
4350 -1 -1
4351 1407444076 323476
4352 922624 212
4353 -1 -1
4354 -1 -1
4355 -1 -1
4356 -1 -1
4357 -1 -1
4358 3276780200 751900
4359 -1 -1
4360 4061252800 931480
4361 72357712 16592
4362 -1 -1
4363 -1 -1
4364 -1 -1
4365 -1 -1
4366 -1 -1
4367 10927840479556 2502367868
4368 -1 -1
4369 -1 -1
4370 8740 2
4371 -1 -1
4372 4372 1
4373 17492 4
4374 -1 -1
4375 -1 -1
4376 4376 1
4377 -1 -1
4378 70048 16
4379 29547058696276102 6747444324338
4380 -1 -1
4381 -1 -1
4382 -1 -1
4383 -1 -1
4384 -1 -1
4385 40271840 9184
4386 -1 -1
4387 16495120 3760
4388 1947569920 443840
4389 -1 -1
4390 -1 -1
4391 -1 -1
4392 -1 -1
4393 -1 -1
4394 6810700 1550
4395 -1 -1
4396 -1 -1
4397 -1 -1
4398 -1 -1
4399 -1 -1
4400 -1 -1
4401 -1 -1
4402 -1 -1
4403 19743052 4484
4404 -1 -1
4405 6175810 1402
4406 440600 100
4407 -1 -1
4408 -1 -1
4409 -1 -1
4410 -1 -1
4411 -1 -1
4412 273870488 62074
4413 -1 -1
4414 -1 -1
4415 8167750 1850
4416 -1 -1
4417 -1 -1
4418 -1 -1
4419 -1 -1
4420 -1 -1
4421 -1 -1
4422 -1 -1
4423 -1 -1
4424 -1 -1
4425 -1 -1
4426 -1 -1
4427 2532244 572
4428 -1 -1
4429 -1 -1
4430 992320 224
4431 -1 -1
4432 -1 -1
4433 988612196 223012
4434 -1 -1
4435 -1 -1
4436 -1 -1
4437 -1 -1
4438 -1 -1
4439 277703840 62560
4440 -1 -1
4441 457836013 103093
4442 -1 -1
4443 -1 -1
4444 -1 -1
4445 -1 -1
4446 -1 -1
4447 -1 -1
4448 -1 -1
4449 -1 -1
4450 -1 -1
4451 25940428 5828
4452 -1 -1
4453 178120 40
4454 623560000 140000
4455 -1 -1
4456 -1 -1
4457 8914 2
4458 -1 -1
4459 71344 16
4460 -1 -1
4461 -1 -1
4462 -1 -1
4463 -1 -1
4464 -1 -1
4465 -1 -1
4466 4599980 1030
4467 -1 -1
4468 5459896 1222
4469 160178505784 35842136
4470 -1 -1
4471 -1 -1
4472 -1 -1
4473 -1 -1
4474 -1 -1
4475 32506400 7264
4476 -1 -1
4477 -1 -1
4478 3913772 874
4479 -1 -1
4480 -1 -1
4481 7644586 1706
4482 -1 -1
4483 -1 -1
4484 4484 1
4485 -1 -1
4486 -1 -1
4487 -1 -1
4488 -1 -1
4489 -1 -1
4490 -1 -1
4491 -1 -1
4492 -1 -1
4493 503216 112
4494 -1 -1
4495 -1 -1
4496 -1 -1
4497 -1 -1
4498 -1 -1
4499 -1 -1
4500 -1 -1
4501 -1 -1
4502 381697568 84784
4503 -1 -1
4504 -1 -1
4505 19020290200 4222040
4506 -1 -1
4507 1090694 242
4508 -1 -1
4509 -1 -1
4510 -1 -1
4511 9022 2
4512 -1 -1
4513 -1 -1
4514 40496229243916 8971251494
4515 -1 -1
4516 -1 -1
4517 -1 -1
4518 -1 -1
4519 -1 -1
4520 506240 112
4521 -1 -1
4522 -1 -1
4523 -1 -1
4524 -1 -1
4525 -1 -1
4526 -1 -1
4527 -1 -1
4528 -1 -1
4529 68569060 15140
4530 -1 -1
4531 -1 -1
4532 -1 -1
4533 -1 -1
4534 181360 40
4535 -1 -1
4536 -1 -1
4537 -1 -1
4538 -1 -1
4539 -1 -1
4540 -1 -1
4541 -1 -1
4542 -1 -1
4543 -1 -1
4544 -1 -1
4545 -1 -1
4546 -1 -1
4547 22025668 4844
4548 -1 -1
4549 27755588367406 6101470294
4550 309400 68
4551 -1 -1
4552 -1 -1
4553 -1 -1
4554 -1 -1
4555 -1 -1
4556 17246847521684 3785524039
4557 -1 -1
4558 -1 -1
4559 1119914975245840 245649259760
4560 -1 -1
4561 59293 13
4562 7782772 1706
4563 -1 -1
4564 -1 -1
4565 36520 8
4566 -1 -1
4567 -1 -1
4568 -1 -1
4569 -1 -1
4570 -1 -1
4571 -1 -1
4572 -1 -1
4573 -1 -1
4574 1823590367768 398686132
4575 -1 -1
4576 -1 -1
4577 424122246895821975335034392 92663807493078867235096
4578 -1 -1
4579 140300560 30640
4580 -1 -1
4581 -1 -1
4582 -1 -1
4583 244053916 53252
4584 -1 -1
4585 -1 -1
4586 105478 23
4587 -1 -1
4588 -1 -1
4589 347387300 75700
4590 -1 -1
4591 -1 -1
4592 4592 1
4593 -1 -1
4594 -1 -1
4595 -1 -1
4596 -1 -1
4597 -1 -1
4598 -1 -1
4599 -1 -1
4600 -1 -1
4601 18404 4
4602 -1 -1
4603 1896436 412
4604 37752800 8200
4605 -1 -1
4606 -1 -1
4607 -1 -1
4608 -1 -1
4609 -1 -1
4610 258160 56
4611 -1 -1
4612 -1 -1
4613 -1 -1
4614 -1 -1
4615 -1 -1
4616 -1 -1
4617 -1 -1
4618 -1 -1
4619 -1 -1
4620 -1 -1
4621 -1 -1
4622 -1 -1
4623 -1 -1
4624 43340752 9373
4625 -1 -1
4626 -1 -1
4627 -1 -1
4628 4628 1
4629 -1 -1
4630 6074560 1312
4631 314908 68
4632 -1 -1
4633 -1 -1
4634 -1 -1
4635 -1 -1
4636 -1 -1
4637 519344 112
4638 -1 -1
4639 -1 -1
4640 8751040 1886
4641 -1 -1
4642 60346 13
4643 -1 -1
4644 -1 -1
4645 -1 -1
4646 9292 2
4647 -1 -1
4648 -1 -1
4649 -1 -1
4650 -1 -1
4651 -1 -1
4652 -1 -1
4653 -1 -1
4654 -1 -1
4655 22046080 4736
4656 -1 -1
4657 -1 -1
4658 46580 10
4659 -1 -1
4660 142782400 30640
4661 -1 -1
4662 -1 -1
4663 -1 -1
4664 848848 182
4665 -1 -1
4666 -1 -1
4667 161392476544 34581632
4668 -1 -1
4669 242788 52
4670 -1 -1
4671 -1 -1
4672 -1 -1
4673 -1 -1
4674 -1 -1
4675 -1 -1
4676 24712571156 5284981
4677 -1 -1
4678 -1 -1
4679 -1 -1
4680 -1 -1
4681 -1 -1
4682 -1 -1
4683 -1 -1
4684 -1 -1
4685 12612020 2692
4686 -1 -1
4687 374960 80
4688 -1 -1
4689 -1 -1
4690 -1 -1
4691 37528 8
4692 -1 -1
4693 -1 -1
4694 222195184 47336
4695 -1 -1
4696 -1 -1
4697 116635904 24832
4698 -1 -1
4699 -1 -1
4700 -1 -1
4701 -1 -1
4702 -1 -1
4703 -1 -1
4704 -1 -1
4705 -1 -1
4706 362851424 77104
4707 -1 -1
4708 -1 -1
4709 -1 -1
4710 -1 -1
4711 -1 -1
4712 428792 91
4713 -1 -1
4714 -1 -1
4715 -1 -1
4716 -1 -1
4717 -1 -1
4718 20523960520 4350140
4719 -1 -1
4720 54959680 11644
4721 6132843376 1299056
4722 -1 -1
4723 -1 -1
4724 472400 100
4725 -1 -1
4726 -1 -1
4727 9454 2
4728 -1 -1
4729 -1 -1
4730 25863640 5468
4731 -1 -1
4732 -1 -1
4733 -1 -1
4734 -1 -1
4735 -1 -1
4736 4736 1
4737 -1 -1
4738 -1 -1
4739 -1 -1
4740 -1 -1
4741 3451448 728
4742 -1 -1
4743 -1 -1
4744 -1 -1
4745 9490 2
4746 -1 -1
4747 -1 -1
4748 35429576 7462
4749 -1 -1
4750 61750 13
4751 -1 -1
4752 -1 -1
4753 -1 -1
4754 -1 -1
4755 -1 -1
4756 -1 -1
4757 323476 68
4758 -1 -1
4759 -1 -1
4760 41216840 8659
4761 -1 -1
4762 -1 -1
4763 22043164 4628
4764 -1 -1
4765 -1 -1
4766 -1 -1
4767 -1 -1
4768 -1 -1
4769 -1 -1
4770 -1 -1
4771 -1 -1
4772 -1 -1
4773 -1 -1
4774 -1 -1
4775 19596065200 4103888
4776 -1 -1
4777 -1 -1
4778 -1 -1
4779 -1 -1
4780 -1 -1
4781 991819698797200 207450261200
4782 -1 -1
4783 -1 -1
4784 971152 203
4785 -1 -1
4786 -1 -1
4787 -1 -1
4788 -1 -1
4789 -1 -1
4790 -1 -1
4791 -1 -1
4792 513731152 107206
4793 25517932 5324
4794 -1 -1
4795 124670 26
4796 -1 -1
4797 -1 -1
4798 -1 -1
4799 144241450636 30056564
4800 -1 -1
4801 86093355995920 17932379920
4802 8451520 1760
4803 -1 -1
4804 -1 -1
4805 -1 -1
4806 -1 -1
4807 -1 -1
4808 -1 -1
4809 -1 -1
4810 -1 -1
4811 26826136 5576
4812 -1 -1
4813 770080 160
4814 -1 -1
4815 -1 -1
4816 -1 -1
4817 -1 -1
4818 -1 -1
4819 77104 16
4820 -1 -1
4821 -1 -1
4822 -1 -1
4823 -1 -1
4824 -1 -1
4825 -1 -1
4826 9652 2
4827 -1 -1
4828 -1 -1
4829 -1 -1
4830 -1 -1
4831 -1 -1
4832 483200 100
4833 -1 -1
4834 -1 -1
4835 -1 -1
4836 -1 -1
4837 -1 -1
4838 25931680 5360
4839 -1 -1
4840 -1 -1
4841 162523764514229934127919516 33572353752164828367676
4842 -1 -1
4843 -1 -1
4844 4844 1
4845 -1 -1
4846 -1 -1
4847 14510001418648 2993604584
4848 -1 -1
4849 10338068 2132
4850 28163726900 5806954
4851 -1 -1
4852 -1 -1
4853 19412 4
4854 -1 -1
4855 -1 -1
4856 441896 91
4857 -1 -1
4858 252616 52
4859 -1 -1
4860 -1 -1
4861 -1 -1
4862 -1 -1
4863 -1 -1
4864 -1 -1
4865 522262031200 107350880
4866 -1 -1
4867 29474552 6056
4868 -1 -1
4869 -1 -1
4870 -1 -1
4871 -1 -1
4872 -1 -1
4873 -1 -1
4874 78061984 16016
4875 -1 -1
4876 126776 26
4877 -1 -1
4878 -1 -1
4879 -1 -1
4880 4880 1
4881 -1 -1
4882 -1 -1
4883 -1 -1
4884 -1 -1
4885 -1 -1
4886 -1 -1
4887 -1 -1
4888 -1 -1
4889 2561836 524
4890 -1 -1
4891 -1 -1
4892 332656 68
4893 -1 -1
4894 -1 -1
4895 7262200266200 1483595560
4896 -1 -1
4897 -1 -1
4898 -1 -1
4899 -1 -1
4900 -1 -1
4901 3156244 644
4902 -1 -1
4903 -1 -1
4904 3409731584 695296
4905 -1 -1
4906 -1 -1
4907 292143152 59536
4908 -1 -1
4909 697078 142
4910 -1 -1
4911 -1 -1
4912 -1 -1
4913 72127753 14681
4914 -1 -1
4915 -1 -1
4916 7885264 1604
4917 -1 -1
4918 -1 -1
4919 26897092 5468
4920 -1 -1
4921 19684 4
4922 2393412129620 486268210
4923 -1 -1
4924 -1 -1
4925 -1 -1
4926 -1 -1
4927 -1 -1
4928 1044736 212
4929 -1 -1
4930 128180 26
4931 4753484 964
4932 -1 -1
4933 -1 -1
4934 33176216 6724
4935 -1 -1
4936 56142064 11374
4937 -1 -1
4938 -1 -1
4939 -1 -1
4940 17906097040 3624716
4941 -1 -1
4942 -1 -1
4943 -1 -1
4944 -1 -1
4945 -1 -1
4946 2798911724 565894
4947 -1 -1
4948 -1 -1
4949 -1 -1
4950 -1 -1
4951 -1 -1
4952 -1 -1
4953 -1 -1
4954 -1 -1
4955 -1 -1
4956 -1 -1
4957 -1 -1
4958 4333292 874
4959 -1 -1
4960 -1 -1
4961 9922 2
4962 -1 -1
4963 -1 -1
4964 49640 10
4965 -1 -1
4966 -1 -1
4967 220574536 44408
4968 -1 -1
4969 -1 -1
4970 -1 -1
4971 -1 -1
4972 -1 -1
4973 -1 -1
4974 -1 -1
4975 3621800 728
4976 497600 100
4977 -1 -1
4978 -1 -1
4979 278824 56
4980 -1 -1
4981 -1 -1
4982 114586 23
4983 -1 -1
4984 129584 26
4985 32641724804835524660 6547988927750356
4986 -1 -1
4987 -1 -1
4988 4988 1
4989 -1 -1
4990 708580 142
4991 -1 -1
4992 -1 -1
4993 -1 -1
4994 73316914 14681
4995 -1 -1
4996 -1 -1
4997 -1 -1
4998 -1 -1
4999 -1 -1
5000 140000 28
5001 -1 -1
5002 20008 4
5003 267874228160 53542720
5004 -1 -1
5005 -1 -1
5006 49070033464 9802244
5007 -1 -1
5008 -1 -1
5009 25585972 5108
5010 -1 -1
5011 -1 -1
5012 1583792 316
5013 -1 -1
5014 -1 -1
5015 10030 2
5016 -1 -1
5017 -1 -1
5018 341224 68
5019 -1 -1
5020 -1 -1
5021 -1 -1
5022 -1 -1
5023 -1 -1
5024 638686048 127127
5025 -1 -1
5026 -1 -1
5027 -1 -1
5028 -1 -1
5029 1830556 364
5030 41246000 8200
5031 -1 -1
5032 -1 -1
5033 -1 -1
5034 -1 -1
5035 -1 -1
5036 8727388 1733
5037 -1 -1
5038 -1 -1
5039 -1 -1
5040 -1 -1
5041 -1 -1
5042 -1 -1
5043 -1 -1
5044 -1 -1
5045 -1 -1
5046 -1 -1
5047 -1 -1
5048 918736 182
5049 -1 -1
5050 -1 -1
5051 7829050 1550
5052 -1 -1
5053 -1 -1
5054 54279160255040 10739841760
5055 -1 -1
5056 40448 8
5057 655306288 129584
5058 -1 -1
5059 -1 -1
5060 -1 -1
5061 -1 -1
5062 -1 -1
5063 -1 -1
5064 -1 -1
5065 -1 -1
5066 2463434751860 486268210
5067 -1 -1
5068 -1 -1
5069 -1 -1
5070 -1 -1
5071 -1 -1
5072 82785184 16322
5073 -1 -1
5074 -1 -1
5075 -1 -1
5076 -1 -1
5077 -1 -1
5078 -1 -1
5079 -1 -1
5080 -1 -1
5081 -1 -1
5082 -1 -1
5083 20332 4
5084 2664016 524
5085 -1 -1
5086 -1 -1
5087 -1 -1
5088 -1 -1
5089 -1 -1
5090 25999720 5108
5091 -1 -1
5092 48139768 9454
5093 -1 -1
5094 -1 -1
5095 -1 -1
5096 5096 1
5097 -1 -1
5098 -1 -1
5099 346732 68
5100 -1 -1
5101 30891656 6056
5102 670144201097326692858836 131349314209589708518
5103 -1 -1
5104 -1 -1
5105 -1 -1
5106 -1 -1
5107 -1 -1
5108 5108 1
5109 -1 -1
5110 20440 4
5111 1063707895730824 208121286584
5112 -1 -1
5113 -1 -1
5114 10228 2
5115 -1 -1
5116 -1 -1
5117 -1 -1
5118 -1 -1
5119 -1 -1
5120 -1 -1
5121 -1 -1
5122 -1 -1
5123 -1 -1
5124 -1 -1
5125 -1 -1
5126 -1 -1
5127 -1 -1
5128 -1 -1
5129 365923376 71344
5130 -1 -1
5131 -1 -1
5132 -1 -1
5133 -1 -1
5134 -1 -1
5135 -1 -1
5136 -1 -1
5137 54760420 10660
5138 -1 -1
5139 -1 -1
5140 -1 -1
5141 -1 -1
5142 -1 -1
5143 -1 -1
5144 -1 -1
5145 -1 -1
5146 730732 142
5147 -1 -1
5148 -1 -1
5149 -1 -1
5150 -1 -1
5151 -1 -1
5152 -1 -1
5153 -1 -1
5154 -1 -1
5155 -1 -1
5156 2421224575820 469593595
5157 -1 -1
5158 -1 -1
5159 -1 -1
5160 -1 -1
5161 -1 -1
5162 244348432 47336
5163 -1 -1
5164 134264 26
5165 2706460 524
5166 -1 -1
5167 -1 -1
5168 -1 -1
5169 -1 -1
5170 118910 23
5171 6546806602 1266062
5172 -1 -1
5173 22616356 4372
5174 39167180 7570
5175 -1 -1
5176 -1 -1
5177 -1 -1
5178 -1 -1
5179 414320 80
5180 3149440 608
5181 -1 -1
5182 67023744446 12933953
5183 103660 20
5184 -1 -1
5185 -1 -1
5186 -1 -1
5187 -1 -1
5188 -1 -1
5189 6740801584 1299056
5190 -1 -1
5191 20764 4
5192 5832692800 1123400
5193 -1 -1
5194 -1 -1
5195 10390 2
5196 -1 -1
5197 -1 -1
5198 -1 -1
5199 -1 -1
5200 -1 -1
5201 -1 -1
5202 -1 -1
5203 -1 -1
5204 -1 -1
5205 -1 -1
5206 -1 -1
5207 61800747874 11868782
5208 -1 -1
5209 -1 -1
5210 -1 -1
5211 -1 -1
5212 -1 -1
5213 -1 -1
5214 -1 -1
5215 -1 -1
5216 5216 1
5217 -1 -1
5218 67834 13
5219 117718167173884 22555694036
5220 -1 -1
5221 -1 -1
5222 -1 -1
5223 -1 -1
5224 21830260160 4178840
5225 -1 -1
5226 -1 -1
5227 14713440484 2814892
5228 3164205176 605242
5229 -1 -1
5230 -1 -1
5231 -1 -1
5232 -1 -1
5233 1266386 242
5234 27777329996 5307094
5235 -1 -1
5236 41888 8
5237 -1 -1
5238 -1 -1
5239 -1 -1
5240 -1 -1
5241 -1 -1
5242 -1 -1
5243 1017142 194
5244 -1 -1
5245 -1 -1
5246 225976696 43076
5247 -1 -1
5248 -1 -1
5249 10498 2
5250 -1 -1
5251 815763854 155354
5252 147056 28
5253 -1 -1
5254 -1 -1
5255 71804320 13664
5256 -1 -1
5257 -1 -1
5258 -1 -1
5259 -1 -1
5260 -1 -1
5261 -1 -1
5262 -1 -1
5263 -1 -1
5264 -1 -1
5265 -1 -1
5266 -1 -1
5267 -1 -1
5268 -1 -1
5269 2326642868 441572
5270 3014440 572
5271 -1 -1
5272 21088 4
5273 164185000252 31136924
5274 -1 -1
5275 -1 -1
5276 -1 -1
5277 -1 -1
5278 89472656 16952
5279 -1 -1
5280 -1 -1
5281 6928672 1312
5282 52820 10
5283 -1 -1
5284 -1 -1
5285 -1 -1
5286 -1 -1
5287 1279454 242
5288 28343680 5360
5289 -1 -1
5290 42320 8
5291 -1 -1
5292 -1 -1
5293 -1 -1
5294 -1 -1
5295 -1 -1
5296 -1 -1
5297 397740209544106 75087825098
5298 -1 -1
5299 21196 4
5300 358144255011400 67574387738
5301 -1 -1
5302 -1 -1
5303 17086372060 3222020
5304 -1 -1
5305 -1 -1
5306 78062466272 14712112
5307 -1 -1
5308 -1 -1
5309 -1 -1
5310 -1 -1
5311 -1 -1
5312 -1 -1
5313 -1 -1
5314 -1 -1
5315 27681115280 5208112
5316 -1 -1
5317 -1 -1
5318 7137587458664 1342156348
5319 -1 -1
5320 -1 -1
5321 -1 -1
5322 -1 -1
5323 -1 -1
5324 5324 1
5325 -1 -1
5326 131341385190345031828 24660417797661478
5327 12806108 2404
5328 -1 -1
5329 532900 100
5330 10660 2
5331 -1 -1
5332 -1 -1
5333 -1 -1
5334 -1 -1
5335 194834200 36520
5336 485576 91
5337 -1 -1
5338 -1 -1
5339 -1 -1
5340 -1 -1
5341 -1 -1
5342 -1 -1
5343 -1 -1
5344 -1 -1
5345 -1 -1
5346 -1 -1
5347 -1 -1
5348 -1 -1
5349 -1 -1
5350 -1 -1
5351 3060772 572
5352 -1 -1
5353 -1 -1
5354 2296183996772 428872618
5355 -1 -1
5356 -1 -1
5357 -1 -1
5358 -1 -1
5359 48247807613906 9003136334
5360 5360 1
5361 -1 -1
5362 85792 16
5363 242214532 45164
5364 -1 -1
5365 -1 -1
5366 -1 -1
5367 -1 -1
5368 1299056 242
5369 -1 -1
5370 -1 -1
5371 42968 8
5372 370060964 68887
5373 -1 -1
5374 -1 -1
5375 -1 -1
5376 -1 -1
5377 92167157 17141
5378 184618565440 34328480
5379 -1 -1
5380 21520 4
5381 8340550 1550
5382 -1 -1
5383 -1 -1
5384 10768 2
5385 -1 -1
5386 -1 -1
5387 -1 -1
5388 -1 -1
5389 23560708 4372
5390 53900 10
5391 -1 -1
5392 -1 -1
5393 -1 -1
5394 -1 -1
5395 -1 -1
5396 -1 -1
5397 -1 -1
5398 -1 -1
5399 -1 -1
5400 -1 -1
5401 -1 -1
5402 -1 -1
5403 -1 -1
5404 367472 68
5405 5075595831490 939055658
5406 -1 -1
5407 70291 13
5408 27992878784 5176198
5409 -1 -1
5410 -1 -1
5411 -1 -1
5412 -1 -1
5413 433040 80
5414 36403736 6724
5415 -1 -1
5416 -1 -1
5417 4677607327129 863505137
5418 -1 -1
5419 -1 -1
5420 -1 -1
5421 -1 -1
5422 -1 -1
5423 -1 -1
5424 -1 -1
5425 43400 8
5426 -1 -1
5427 -1 -1
5428 -1 -1
5429 -1 -1
5430 -1 -1
5431 124913 23
5432 1053808 194
5433 -1 -1
5434 -1 -1
5435 69926961782020204060 12866046326038676
5436 -1 -1
5437 6578770 1210
5438 -1 -1
5439 -1 -1
5440 303399680 55772
5441 -1 -1
5442 -1 -1
5443 1796538352 330064
5444 387283419691828 71139496637
5445 -1 -1
5446 -1 -1
5447 -1 -1
5448 -1 -1
5449 9590240 1760
5450 96384134280612366500 17685162253323370
5451 -1 -1
5452 -1 -1
5453 25825408 4736
5454 -1 -1
5455 -1 -1
5456 -1 -1
5457 -1 -1
5458 590951294084 108272498
5459 -1 -1
5460 -1 -1
5461 21844 4
5462 2198651632 402536
5463 -1 -1
5464 -1 -1
5465 10930 2
5466 -1 -1
5467 35863520 6560
5468 5468 1
5469 -1 -1
5470 21880 4
5471 10942 2
5472 -1 -1
5473 -1 -1
5474 -1 -1
5475 -1 -1
5476 -1 -1
5477 -1 -1
5478 -1 -1
5479 -1 -1
5480 498680 91
5481 -1 -1
5482 -1 -1
5483 -1 -1
5484 -1 -1
5485 372980 68
5486 2646637563085539712 482434845622592
5487 -1 -1
5488 71344 13
5489 756241486 137774
5490 -1 -1
5491 1735156 316
5492 -1 -1
5493 -1 -1
5494 439520 80
5495 -1 -1
5496 -1 -1
5497 488221552 88816
5498 -1 -1
5499 -1 -1
5500 -1 -1
5501 -1 -1
5502 -1 -1
5503 -1 -1
5504 -1 -1
5505 -1 -1
5506 45570590698 8276533
5507 3351802508 608644
5508 -1 -1
5509 -1 -1
5510 -1 -1
5511 -1 -1
5512 126776 23
5513 -1 -1
5514 -1 -1
5515 57300850 10390
5516 116917136 21196
5517 -1 -1
5518 -1 -1
5519 -1 -1
5520 -1 -1
5521 11770772 2132
5522 -1 -1
5523 -1 -1
5524 5023194160 909340
5525 309400 56
5526 -1 -1
5527 -1 -1
5528 -1 -1
5529 -1 -1
5530 278092640 50288
5531 -1 -1
5532 -1 -1
5533 -1 -1
5534 55340 10
5535 -1 -1
5536 -1 -1
5537 -1 -1
5538 -1 -1
5539 595595498258 107527622
5540 3168880 572
5541 -1 -1
5542 -1 -1
5543 763681282 137774
5544 -1 -1
5545 887200 160
5546 -1 -1
5547 -1 -1
5548 443840 80
5549 -1 -1
5550 -1 -1
5551 22204 4
5552 11104 2
5553 -1 -1
5554 -1 -1
5555 -1 -1
5556 -1 -1
5557 -1 -1
5558 -1 -1
5559 -1 -1
5560 -1 -1
5561 -1 -1
5562 -1 -1
5563 -1 -1
5564 -1 -1
5565 -1 -1
5566 31236392 5612
5567 -1 -1
5568 -1 -1
5569 -1 -1
5570 -1 -1
5571 -1 -1
5572 -1 -1
5573 -1 -1
5574 -1 -1
5575 -1 -1
5576 5576 1
5577 -1 -1
5578 223120 40
5579 -1 -1
5580 -1 -1
5581 -1 -1
5582 -1 -1
5583 -1 -1
5584 3596096 644
5585 1627508537912840 291407079304
5586 -1 -1
5587 -1 -1
5588 508508 91
5589 -1 -1
5590 -1 -1
5591 -1 -1
5592 -1 -1
5593 13074086486240780 2337580276460
5594 -1 -1
5595 -1 -1
5596 -1 -1
5597 28712162240 5129920
5598 -1 -1
5599 -1 -1
5600 -1 -1
5601 -1 -1
5602 145652 26
5603 -1 -1
5604 -1 -1
5605 44840 8
5606 11212 2
5607 -1 -1
5608 3946461760 703720
5609 -1 -1
5610 -1 -1
5611 381548 68
5612 5612 1
5613 -1 -1
5614 -1 -1
5615 6335179900 1128260
5616 -1 -1
5617 -1 -1
5618 -1 -1
5619 -1 -1
5620 317687360 56528
5621 -1 -1
5622 -1 -1
5623 -1 -1
5624 157472 28
5625 -1 -1
5626 -1 -1
5627 -1 -1
5628 -1 -1
5629 8499592985 1509965
5630 -1 -1
5631 -1 -1
5632 22528 4
5633 685029130 121610
5634 -1 -1
5635 -1 -1
5636 -1 -1
5637 -1 -1
5638 3224936 572
5639 -1 -1
5640 -1 -1
5641 -1 -1
5642 2158177840 382520
5643 -1 -1
5644 -1 -1
5645 -1 -1
5646 -1 -1
5647 34198232 6056
5648 -1 -1
5649 -1 -1
5650 -1 -1
5651 765511313552 135464752
5652 -1 -1
5653 2736052 484
5654 -1 -1
5655 -1 -1
5656 147056 26
5657 -1 -1
5658 -1 -1
5659 22636 4
5660 3231078920 570862
5661 -1 -1
5662 -1 -1
5663 -1 -1
5664 -1 -1
5665 3444320 608
5666 -1 -1
5667 -1 -1
5668 -1 -1
5669 -1 -1
5670 -1 -1
5671 -1 -1
5672 -1 -1
5673 -1 -1
5674 78317518424 13802876
5675 -1 -1
5676 -1 -1
5677 -1 -1
5678 -1 -1
5679 -1 -1
5680 -1 -1
5681 -1 -1
5682 -1 -1
5683 -1 -1
5684 -1 -1
5685 -1 -1
5686 2069704 364
5687 11374 2
5688 -1 -1
5689 5484196 964
5690 -1 -1
5691 -1 -1
5692 387056 68
5693 -1 -1
5694 -1 -1
5695 1712828200 300760
5696 -1 -1
5697 -1 -1
5698 -1 -1
5699 -1 -1
5700 -1 -1
5701 3739856 656
5702 -1 -1
5703 -1 -1
5704 -1 -1
5705 319480 56
5706 -1 -1
5707 -1 -1
5708 -1 -1
5709 -1 -1
5710 1570249336726400 274999883840
5711 -1 -1
5712 -1 -1
5713 -1 -1
5714 2223363112 389108
5715 -1 -1
5716 -1 -1
5717 -1 -1
5718 -1 -1
5719 -1 -1
5720 5720 1
5721 -1 -1
5722 -1 -1
5723 2998852 524
5724 -1 -1
5725 -1 -1
5726 -1 -1
5727 -1 -1
5728 458240 80
5729 -1 -1
5730 -1 -1
5731 -1 -1
5732 160496 28
5733 -1 -1
5734 2775256 484
5735 -1 -1
5736 -1 -1
5737 96117698 16754
5738 -1 -1
5739 -1 -1
5740 22960 4
5741 11482 2
5742 -1 -1
5743 -1 -1
5744 -1 -1
5745 -1 -1
5746 -1 -1
5747 -1 -1
5748 -1 -1
5749 1427453704 248296
5750 994750 173
5751 -1 -1
5752 -1 -1
5753 -1 -1
5754 -1 -1
5755 37752800 6560
5756 -1 -1
5757 -1 -1
5758 -1 -1
5759 322504 56
5760 -1 -1
5761 24564904 4264
5762 -1 -1
5763 -1 -1
5764 -1 -1
5765 -1 -1
5766 -1 -1
5767 230680 40
5768 -1 -1
5769 -1 -1
5770 -1 -1
5771 -1 -1
5772 -1 -1
5773 17432415595964 3019645868
5774 -1 -1
5775 -1 -1
5776 -1 -1
5777 -1 -1
5778 -1 -1
5779 -1 -1
5780 -1 -1
5781 -1 -1
5782 46256 8
5783 -1 -1
5784 -1 -1
5785 -1 -1
5786 -1 -1
5787 -1 -1
5788 -1 -1
5789 -1 -1
5790 -1 -1
5791 -1 -1
5792 -1 -1
5793 -1 -1
5794 -1 -1
5795 263005935920 45384976
5796 -1 -1
5797 21101080 3640
5798 -1 -1
5799 -1 -1
5800 3526400 608
5801 -1 -1
5802 -1 -1
5803 5368088362 925054
5804 -1 -1
5805 -1 -1
5806 -1 -1
5807 -1 -1
5808 -1 -1
5809 35388428 6092
5810 -1 -1
5811 -1 -1
5812 -1 -1
5813 233240812 40124
5814 -1 -1
5815 -1 -1
5816 -1 -1
5817 -1 -1
5818 395624 68
5819 -1 -1
5820 -1 -1
5821 23284 4
5822 11644 2
5823 -1 -1
5824 -1 -1
5825 -1 -1
5826 -1 -1
5827 2649397052 454676
5828 5828 1
5829 -1 -1
5830 2611840 448
5831 26985868 4628
5832 -1 -1
5833 -1 -1
5834 -1 -1
5835 -1 -1
5836 46688 8
5837 -1 -1
5838 -1 -1
5839 829138 142
5840 5840 1
5841 -1 -1
5842 303784 52
5843 -1 -1
5844 -1 -1
5845 2530908380 433004
5846 -1 -1
5847 -1 -1
5848 23392 4
5849 -1 -1
5850 -1 -1
5851 -1 -1
5852 -1 -1
5853 -1 -1
5854 69017056004 11789726
5855 -1 -1
5856 -1 -1
5857 -1 -1
5858 2491838431640 425373580
5859 -1 -1
5860 -1 -1
5861 -1 -1
5862 -1 -1
5863 11972246 2042
5864 -1 -1
5865 -1 -1
5866 -1 -1
5867 41684809730668 7104961604
5868 -1 -1
5869 -1 -1
5870 -1 -1
5871 -1 -1
5872 2199123896663205353360 374510200385423255
5873 -1 -1
5874 -1 -1
5875 -1 -1
5876 164528 28
5877 -1 -1
5878 -1 -1
5879 -1 -1
5880 -1 -1
5881 35615336 6056
5882 -1 -1
5883 -1 -1
5884 583881088 99232
5885 -1 -1
5886 -1 -1
5887 -1 -1
5888 -1 -1
5889 -1 -1
5890 153140 26
5891 -1 -1
5892 -1 -1
5893 -1 -1
5894 330064 56
5895 -1 -1
5896 -1 -1
5897 -1 -1
5898 -1 -1
5899 -1 -1
5900 -1 -1
5901 -1 -1
5902 -1 -1
5903 -1 -1
5904 -1 -1
5905 59050 10
5906 -1 -1
5907 -1 -1
5908 -1 -1
5909 -1 -1
5910 -1 -1
5911 94576 16
5912 -1 -1
5913 -1 -1
5914 -1 -1
5915 -1 -1
5916 -1 -1
5917 47336 8
5918 -1 -1
5919 -1 -1
5920 -1 -1
5921 11842 2
5922 -1 -1
5923 183399772 30964
5924 -1 -1
5925 -1 -1
5926 865053776 145976
5927 -1 -1
5928 -1 -1
5929 23716 4
5930 246474520 41564
5931 -1 -1
5932 -1 -1
5933 -1 -1
5934 -1 -1
5935 -1 -1
5936 -1 -1
5937 -1 -1
5938 -1 -1
5939 278718695360 46930240
5940 -1 -1
5941 -1 -1
5942 -1 -1
5943 -1 -1
5944 -1 -1
5945 -1 -1
5946 -1 -1
5947 -1 -1
5948 5948 1
5949 -1 -1
5950 309400 52
5951 -1 -1
5952 -1 -1
5953 404804 68
5954 -1 -1
5955 -1 -1
5956 77428 13
5957 -1 -1
5958 -1 -1
5959 39091040 6560
5960 -1 -1
5961 -1 -1
5962 1126563836811500120 188957369475260
5963 -1 -1
5964 -1 -1
5965 -1 -1
5966 198690535387916 33303810826
5967 -1 -1
5968 -1 -1
5969 -1 -1
5970 -1 -1
5971 47768 8
5972 -1 -1
5973 -1 -1
5974 -1 -1
5975 11950 2
5976 -1 -1
5977 -1 -1
5978 -1 -1
5979 -1 -1
5980 281131760 47012
5981 -1 -1
5982 -1 -1
5983 -1 -1
5984 167552 28
5985 -1 -1
5986 59860 10
5987 -1 -1
5988 -1 -1
5989 19621958816120 3276333080
5990 -1 -1
5991 -1 -1
5992 7322224 1222
5993 335608 56
5994 -1 -1
5995 -1 -1
5996 -1 -1
5997 -1 -1
5998 -1 -1
5999 -1 -1
6000 -1 -1
6001 -1 -1
6002 31344068581734796 5222270673398
6003 -1 -1
6004 10976283207040 1828161760
6005 -1 -1
6006 -1 -1
6007 1937762568560 322584080
6008 -1 -1
6009 -1 -1
6010 24040 4
6011 256333084 42644
6012 -1 -1
6013 19722640 3280
6014 -1 -1
6015 -1 -1
6016 48128 8
6017 -1 -1
6018 -1 -1
6019 24076 4
6020 -1 -1
6021 -1 -1
6022 -1 -1
6023 -1 -1
6024 -1 -1
6025 156650 26
6026 -1 -1
6027 -1 -1
6028 -1 -1
6029 -1 -1
6030 -1 -1
6031 -1 -1
6032 -1 -1
6033 -1 -1
6034 3451448 572
6035 -1 -1
6036 -1 -1
6037 78481 13
6038 -1 -1
6039 -1 -1
6040 120800 20
6041 -1 -1
6042 -1 -1
6043 37466600 6200
6044 -1 -1
6045 -1 -1
6046 -1 -1
6047 13883912 2296
6048 -1 -1
6049 -1 -1
6050 -1 -1
6051 -1 -1
6052 -1 -1
6053 -1 -1
6054 -1 -1
6055 -1 -1
6056 6056 1
6057 -1 -1
6058 21421814960 3536120
6059 -1 -1
6060 -1 -1
6061 23978625176 3956216
6062 -1 -1
6063 -1 -1
6064 -1 -1
6065 -1 -1
6066 -1 -1
6067 60670 10
6068 -1 -1
6069 -1 -1
6070 3981920 656
6071 -1 -1
6072 -1 -1
6073 7421206 1222
6074 340144 56
6075 -1 -1
6076 -1 -1
6077 -1 -1
6078 -1 -1
6079 -1 -1
6080 -1 -1
6081 -1 -1
6082 -1 -1
6083 -1 -1
6084 -1 -1
6085 11279778168005300 1853702246180
6086 -1 -1
6087 -1 -1
6088 -1 -1
6089 -1 -1
6090 -1 -1
6091 -1 -1
6092 6092 1
6093 -1 -1
6094 79222 13
6095 -1 -1
6096 -1 -1
6097 48776 8
6098 -1 -1
6099 -1 -1
6100 24400 4
6101 -1 -1
6102 -1 -1
6103 -1 -1
6104 -1 -1
6105 -1 -1
6106 23760766280 3891380
6107 -1 -1
6108 -1 -1
6109 -1 -1
6110 12220 2
6111 -1 -1
6112 415616 68
6113 -1 -1
6114 -1 -1
6115 -1 -1
6116 -1 -1
6117 -1 -1
6118 -1 -1
6119 21679045167212 3542906548
6120 -1 -1
6121 122420 20
6122 -1 -1
6123 -1 -1
6124 -1 -1
6125 -1 -1
6126 -1 -1
6127 -1 -1
6128 343168 56
6129 -1 -1
6130 -1 -1
6131 -1 -1
6132 -1 -1
6133 -1 -1
6134 -1 -1
6135 -1 -1
6136 71447584 11644
6137 -1 -1
6138 -1 -1
6139 40271840 6560
6140 -1 -1
6141 -1 -1
6142 19660894354256 3201057368
6143 -1 -1
6144 -1 -1
6145 -1 -1
6146 -1 -1
6147 -1 -1
6148 1942768 316
6149 -1 -1
6150 -1 -1
6151 49208 8
6152 -1 -1
6153 -1 -1
6154 -1 -1
6155 14131880 2296
6156 -1 -1
6157 -1 -1
6158 -1 -1
6159 -1 -1
6160 -1 -1
6161 -1 -1
6162 -1 -1
6163 2539156 412
6164 -1 -1
6165 -1 -1
6166 1307192 212
6167 -1 -1
6168 -1 -1
6169 -1 -1
6170 -1 -1
6171 -1 -1
6172 -1 -1
6173 -1 -1
6174 -1 -1
6175 61750 10
6176 -1 -1
6177 -1 -1
6178 3080845040 498680
6179 -1 -1
6180 -1 -1
6181 24724 4
6182 9192634 1487
6183 -1 -1
6184 -1 -1
6185 -1 -1
6186 -1 -1
6187 -1 -1
6188 -1 -1
6189 -1 -1
6190 -1 -1
6191 12382 2
6192 -1 -1
6193 10156520 1640
6194 -1 -1
6195 -1 -1
6196 -1 -1
6197 -1 -1
6198 -1 -1
6199 -1 -1
6200 6200 1
6201 -1 -1
6202 99232 16
6203 -1 -1
6204 -1 -1
6205 49640 8
6206 -1 -1
6207 -1 -1
6208 24832 4
6209 12418 2
6210 -1 -1
6211 -1 -1
6212 -1 -1
6213 -1 -1
6214 -1 -1
6215 -1 -1
6216 -1 -1
6217 7765033 1249
6218 -1 -1
6219 -1 -1
6220 497600 80
6221 -1 -1
6222 -1 -1
6223 -1 -1
6224 -1 -1
6225 -1 -1
6226 -1 -1
6227 -1 -1
6228 -1 -1
6229 143267 23
6230 -1 -1
6231 -1 -1
6232 -1 -1
6233 -1 -1
6234 -1 -1
6235 -1 -1
6236 -1 -1
6237 -1 -1
6238 -1 -1
6239 -1 -1
6240 -1 -1
6241 2702377964 433004
6242 -1 -1
6243 -1 -1
6244 2572528 412
6245 -1 -1
6246 -1 -1
6247 40980320 6560
6248 -1 -1
6249 -1 -1
6250 1400000 224
6251 -1 -1
6252 -1 -1
6253 -1 -1
6254 -1 -1
6255 -1 -1
6256 62560 10
6257 -1 -1
6258 -1 -1
6259 -1 -1
6260 -1 -1
6261 -1 -1
6262 -1 -1
6263 747777148 119396
6264 -1 -1
6265 889630 142
6266 -1 -1
6267 -1 -1
6268 -1 -1
6269 -1 -1
6270 -1 -1
6271 -1 -1
6272 -1 -1
6273 -1 -1
6274 125480 20
6275 -1 -1
6276 -1 -1
6277 -1 -1
6278 -1 -1
6279 -1 -1
6280 -1 -1
6281 -1 -1
6282 -1 -1
6283 100528 16
6284 -1 -1
6285 -1 -1
6286 50288 8
6287 -1 -1
6288 -1 -1
6289 25156 4
6290 12580 2
6291 -1 -1
6292 -1 -1
6293 -1 -1
6294 -1 -1
6295 -1 -1
6296 -1 -1
6297 -1 -1
6298 -1 -1
6299 -1 -1
6300 -1 -1
6301 428468 68
6302 -1 -1
6303 -1 -1
6304 -1 -1
6305 -1 -1
6306 -1 -1
6307 -1 -1
6308 6308 1
6309 -1 -1
6310 328120 52
6311 -1 -1
6312 -1 -1
6313 -1 -1
6314 -1 -1
6315 -1 -1
6316 -1 -1
6317 -1 -1
6318 -1 -1
6319 -1 -1
6320 -1 -1
6321 -1 -1
6322 -1 -1
6323 -1 -1
6324 -1 -1
6325 -1 -1
6326 -1 -1
6327 -1 -1
6328 164528 26
6329 -1 -1
6330 -1 -1
6331 50648 8
6332 -1 -1
6333 -1 -1
6334 -1 -1
6335 -1 -1
6336 -1 -1
6337 63370 10
6338 -1 -1
6339 -1 -1
6340 -1 -1
6341 -1 -1
6342 -1 -1
6343 -1 -1
6344 6344 1
6345 -1 -1
6346 1015360 160
6347 -1 -1
6348 -1 -1
6349 -1 -1
6350 -1 -1
6351 -1 -1
6352 -1 -1
6353 -1 -1
6354 -1 -1
6355 3863840 608
6356 -1 -1
6357 -1 -1
6358 -1 -1
6359 -1 -1
6360 -1 -1
6361 -1 -1
6362 -1 -1
6363 -1 -1
6364 -1 -1
6365 -1 -1
6366 -1 -1
6367 -1 -1
6368 -1 -1
6369 -1 -1
6370 25480 4
6371 253119164939396614891291435216 39729895611269285024531696
6372 -1 -1
6373 20903440 3280
6374 -1 -1
6375 -1 -1
6376 11049608 1733
6377 -1 -1
6378 -1 -1
6379 -1 -1
6380 -1 -1
6381 -1 -1
6382 -1 -1
6383 -1 -1
6384 -1 -1
6385 51080 8
6386 -1 -1
6387 -1 -1
6388 -1 -1
6389 -1 -1
6390 -1 -1
6391 102256 16
6392 -1 -1
6393 -1 -1
6394 -1 -1
6395 -1 -1
6396 -1 -1
6397 25588 4
6398 71730225954230643520 11211351352646240
6399 -1 -1
6400 -1 -1
6401 -1 -1
6402 -1 -1
6403 -1 -1
6404 -1 -1
6405 -1 -1
6406 -1 -1
6407 -1 -1
6408 -1 -1
6409 128180 20
6410 -1 -1
6411 -1 -1
6412 -1 -1
6413 -1 -1
6414 -1 -1
6415 -1 -1
6416 -1 -1
6417 -1 -1
6418 -1 -1
6419 -1 -1
6420 -1 -1
6421 -1 -1
6422 -1 -1
6423 -1 -1
6424 -1 -1
6425 12850 2
6426 -1 -1
6427 1304681 203
6428 -1 -1
6429 -1 -1
6430 -1 -1
6431 -1 -1
6432 -1 -1
6433 2650396 412
6434 -1 -1
6435 -1 -1
6436 -1 -1
6437 -1 -1
6438 -1 -1
6439 27521676824 4274216
6440 -1 -1
6441 -1 -1
6442 -1 -1
6443 -1 -1
6444 -1 -1
6445 -1 -1
6446 -1 -1
6447 -1 -1
6448 -1 -1
6449 -1 -1
6450 -1 -1
6451 -1 -1
6452 6452 1
6453 -1 -1
6454 258160 40
6455 -1 -1
6456 -1 -1
6457 -1 -1
6458 -1 -1
6459 -1 -1
6460 -1 -1
6461 -1 -1
6462 -1 -1
6463 -1 -1
6464 -1 -1
6465 -1 -1
6466 51728 8
6467 -1 -1
6468 -1 -1
6469 -1 -1
6470 -1 -1
6471 -1 -1
6472 -1 -1
6473 -1 -1
6474 -1 -1
6475 -1 -1
6476 -1 -1
6477 -1 -1
6478 25912 4
6479 12958 2
6480 -1 -1
6481 531442 82
6482 -1 -1
6483 -1 -1
6484 -1 -1
6485 -1 -1
6486 -1 -1
6487 -1 -1
6488 -1 -1
6489 -1 -1
6490 149270 23
6491 -1 -1
6492 -1 -1
6493 -1 -1
6494 -1 -1
6495 -1 -1
6496 -1 -1
6497 -1 -1
6498 -1 -1
6499 730305628 112372
6500 -1 -1
6501 -1 -1
6502 -1 -1
6503 -1 -1
6504 -1 -1
6505 -1 -1
6506 -1 -1
6507 -1 -1
6508 520640 80
6509 -1 -1
6510 -1 -1
6511 159557642636024 24505858184
6512 -1 -1
6513 -1 -1
6514 -1 -1
6515 -1 -1
6516 -1 -1
6517 39701564 6092
6518 -1 -1
6519 -1 -1
6520 52160 8
6521 -1 -1
6522 -1 -1
6523 -1 -1
6524 -1 -1
6525 -1 -1
6526 -1 -1
6527 -1 -1
6528 -1 -1
6529 -1 -1
6530 -1 -1
6531 -1 -1
6532 -1 -1
6533 -1 -1
6534 -1 -1
6535 261400 40
6536 -1 -1
6537 -1 -1
6538 -1 -1
6539 -1 -1
6540 -1 -1
6541 -1 -1
6542 -1 -1
6543 -1 -1
6544 -1 -1
6545 -1 -1
6546 -1 -1
6547 -1 -1
6548 -1 -1
6549 -1 -1
6550 -1 -1
6551 -1 -1
6552 -1 -1
6553 -1 -1
6554 -1 -1
6555 -1 -1
6556 -1 -1
6557 -1 -1
6558 -1 -1
6559 26236 4
6560 6560 1
