2 -1 -1
3 -1 -1
4 4 1
5 -1 -1
6 6 1
7 -1 -1
8 528 66
9 -1 -1
10 40 4
11 66 6
12 72 6
13 442 34
14 -1 -1
15 60 4
16 2320 145
17 -1 -1
18 72 4
19 -1 -1
20 -1 -1
21 -1 -1
22 286 13
23 -1 -1
24 -1 -1
25 -1 -1
26 546 21
27 -1 -1
28 364 13
29 -1 -1
30 -1 -1
31 -1 -1
32 -1 -1
33 -1 -1
34 34 1
35 -1 -1
36 6372 177
37 -1 -1
38 -1 -1
39 -1 -1
40 40 1
41 -1 -1
42 546 13
43 -1 -1
44 -1 -1
45 -1 -1
46 46 1
47 -1 -1
48 624 13
49 -1 -1
50 -1 -1
51 -1 -1
52 -1 -1
53 -1 -1
54 702 13
55 50875 925
56 -1 -1
57 -1 -1
58 2320 40
59 -1 -1
60 60 1
61 -1 -1
62 -1 -1
63 -1 -1
64 -1 -1
65 -1 -1
66 66 1
67 268 4
68 -1 -1
69 -1 -1
70 -1 -1
71 4686 66
72 72 1
73 27886 382
74 43512 588
75 -1 -1
76 304 4
77 4347882 56466
78 -1 -1
79 4740 60
80 4635360 57942
81 -1 -1
82 2788 34
83 14662863 176661
84 -1 -1
85 510 6
86 6192 72
87 52722 606
88 528 6
89 -1 -1
90 6480 72
91 364 4
92 5520 60
93 6138 66
94 -1 -1
95 5700 60
96 379392 3952
97 -1 -1
98 588 6
99 -1 -1
100 -1 -1
101 606 6
102 -1 -1
103 -1 -1
104 624 6
105 -1 -1
106 424 4
107 1035116823 9673989
108 6480 60
109 -1 -1
110 -1 -1
111 666 6
112 -1 -1
113 -1 -1
114 684 6
115 460 4
116 -1 -1
117 702 6
118 -1 -1
119 -1 -1
120 5520 46
121 34606 286
122 -1 -1
123 4920 40
124 -1 -1
125 -1 -1
126 53424 424
127 -1 -1
128 -1 -1
129 37721406 292414
130 3055780 23506
131 -1 -1
132 528 4
133 -1 -1
134 -1 -1
135 57240 424
136 -1 -1
137 -1 -1
138 5520 40
139 -1 -1
140 -1 -1
141 4794 34
142 -1 -1
143 -1 -1
144 3340772352 23199808
145 -1 -1
146 -1 -1
147 588 4
148 -1 -1
149 -1 -1
150 29632200 197548
151 -1 -1
152 -1 -1
153 -1 -1
154 -1 -1
155 -1 -1
156 624 4
157 -1 -1
158 -1 -1
159 406086 2554
160 201760 1261
161 -1 -1
162 6480 40
163 -1 -1
164 -1 -1
165 47190 286
166 20086 121
167 -1 -1
168 3401664 20248
169 -1 -1
170 -1 -1
171 684 4
172 -1 -1
173 -1 -1
174 -1 -1
175 -1 -1
176 -1 -1
177 -1 -1
178 -1 -1
179 -1 -1
180 38844000 215800
181 -1 -1
182 -1 -1
183 49044 268
184 22264 121
185 -1 -1
186 -1 -1
187 -1 -1
188 -1 -1
189 6426 34
190 -1 -1
191 -1 -1
192 -1 -1
193 -1 -1
194 -1 -1
195 -1 -1
196 -1 -1
197 -1 -1
198 56628 286
199 -1 -1
200 -1 -1
201 -1 -1
202 24442 121
203 -1 -1
204 -1 -1
205 -1 -1
206 -1 -1
207 20536019635482 99207824326
208 -1 -1
209 -1 -1
210 -1 -1
211 -1 -1
212 4452 21
213 -1 -1
214 -1 -1
215 -1 -1
216 958469533210652545440 4437358950049317340
217 -1 -1
218 -1 -1
219 -1 -1
220 363660 1653
221 -1 -1
222 -1 -1
223 -1 -1
224 -1 -1
225 -1 -1
226 27346 121
227 -1 -1
228 -1 -1
229 -1 -1
230 -1 -1
231 -1 -1
232 283892136 1223673
233 -1 -1
234 -1 -1
235 -1 -1
236 3176291196 13458861
237 -1 -1
238 364587678 1531881
239 -1 -1
240 -1 -1
241 -1 -1
242 54450 225
243 -1 -1
244 23668 97
245 -1 -1
246 -1 -1
247 -1 -1
248 493272 1989
249 -1 -1
250 39809250 159237
251 -1 -1
252 -1 -1
253 -1 -1
254 -1 -1
255 -1 -1
256 -1 -1
257 -1 -1
258 -1 -1
259 -1 -1
260 34238100 131685
261 -1 -1
262 31702 121
263 -1 -1
264 -1 -1
265 -1 -1
266 -1 -1
267 -1 -1
268 268 1
269 -1 -1
270 4765230 17649
271 -1 -1
272 -1 -1
273 -1 -1
274 5754 21
275 -1 -1
276 482724 1749
277 -1 -1
278 49206 177
279 -1 -1
280 285880 1021
281 -1 -1
282 -1 -1
283 -1 -1
284 -1 -1
285 -1 -1
286 286 1
287 -1 -1
288 4661280 16185
289 -1 -1
290 25193212050 86873145
291 -1 -1
292 -1 -1
293 -1 -1
294 -1 -1
295 -1 -1
296 -1 -1
297 -1 -1
298 -1 -1
299 -1 -1
300 1226684599466777100 4088948664889257
301 -1 -1
302 -1 -1
303 -1 -1
304 304 1
305 -1 -1
306 6426 21
307 -1 -1
308 -1 -1
309 -1 -1
310 -1 -1
311 -1 -1
312 55224 177
313 -1 -1
314 -1 -1
315 -1 -1
316 -1 -1
317 -1 -1
318 356318046 1120497
319 -1 -1
320 -1 -1
321 -1 -1
322 4186 13
323 -1 -1
324 42875892 132333
325 -1 -1
326 -1 -1
327 -1 -1
328 -1 -1
329 -1 -1
330 39930 121
331 -1 -1
332 -1 -1
333 -1 -1
334 -1 -1
335 -1 -1
336 -1 -1
337 -1 -1
338 -1 -1
339 -1 -1
340 -1 -1
341 -1 -1
342 -1 -1
343 -1 -1
344 -1 -1
345 -1 -1
346 346 1
347 -1 -1
348 42108 121
349 -1 -1
350 -1 -1
351 -1 -1
352 -1 -1
353 -1 -1
354 -1 -1
355 -1 -1
356 -1 -1
357 -1 -1
358 -1 -1
359 -1 -1
360 366561000 1018225
361 -1 -1
362 -1 -1
363 -1 -1
364 364 1
365 -1 -1
366 44286 121
367 -1 -1
368 -1 -1
369 -1 -1
370 -1 -1
371 -1 -1
372 -1 -1
373 -1 -1
374 -1 -1
375 -1 -1
376 -1 -1
377 -1 -1
378 2428618220246104736042422297085850 6424915926576996656196884383825
379 -1 -1
380 -1 -1
381 -1 -1
382 382 1
383 -1 -1
384 -1 -1
385 -1 -1
386 -1 -1
387 -1 -1
388 -1 -1
389 -1 -1
390 47190 121
391 -1 -1
392 -1 -1
393 -1 -1
394 -1 -1
395 -1 -1
396 -1 -1
397 -1 -1
398 -1 -1
399 -1 -1
400 38800 97
401 -1 -1
402 -1 -1
403 185380 460
404 -1 -1
405 -1 -1
406 -1 -1
407 -1 -1
408 49368 121
409 -1 -1
410 -1 -1
411 -1 -1
412 -1 -1
413 -1 -1
414 41209974 99541
415 -1 -1
416 -1 -1
417 -1 -1
418 -1 -1
419 -1 -1
420 33269460 79213
421 -1 -1
422 -1 -1
423 -1 -1
424 424 1
425 -1 -1
426 51546 121
427 -1 -1
428 -1 -1
429 -1 -1
430 -1 -1
431 -1 -1
432 -1 -1
433 -1 -1
434 -1 -1
435 -1 -1
436 -1 -1
437 -1 -1
438 42486 97
439 409576903 932977
440 -1 -1
441 -1 -1
442 442 1
443 -1 -1
444 -1 -1
445 -1 -1
446 -1 -1
447 -1 -1
448 -1 -1
449 -1 -1
450 54450 121
451 -1 -1
452 -1 -1
453 -1 -1
454 -1 -1
455 -1 -1
456 -1 -1
457 -1 -1
458 -1 -1
459 -1 -1
460 460 1
461 -1 -1
462 -1 -1
463 -1 -1
464 -1 -1
465 -1 -1
466 -1 -1
467 -1 -1
468 56628 121
469 -1 -1
470 -1 -1
471 -1 -1
472 14886880 31540
473 -1 -1
474 370194 781
475 -1 -1
476 -1 -1
477 -1 -1
478 -1 -1
479 -1 -1
480 -1 -1
481 -1 -1
482 -1 -1
483 -1 -1
484 22264 46
485 -1 -1
486 58806 121
487 -1 -1
488 -1 -1
489 -1 -1
490 178360 364
491 -1 -1
492 30671772 62341
493 -1 -1
494 -1 -1
495 -1 -1
496 -1 -1
497 -1 -1
498 37894314 76093
499 -1 -1
500 -1 -1
501 -1 -1
502 -1 -1
503 -1 -1
504 -1 -1
505 -1 -1
506 -1 -1
507 -1 -1
508 19161760 37720
509 -1 -1
510 510 1
511 23506 46
512 -1 -1
513 -1 -1
514 -1 -1
515 -1 -1
516 -1 -1
517 602305 1165
518 -1 -1
519 -1 -1
520 -1 -1
521 -1 -1
522 -1 -1
523 -1 -1
524 -1 -1
525 -1 -1
526 -1 -1
527 -1 -1
528 528 1
529 17649556 33364
530 -1 -1
531 -1 -1
532 -1 -1
533 -1 -1
534 -1 -1
535 -1 -1
536 -1 -1
537 -1 -1
538 -1 -1
539 -1 -1
540 4640220 8593
541 -1 -1
542 -1 -1
543 -1 -1
544 16775872 30838
545 -1 -1
546 546 1
547 -1 -1
548 -1 -1
549 -1 -1
550 -1 -1
551 -1 -1
552 -1 -1
553 244426 442
554 -1 -1
555 -1 -1
556 -1 -1
557 -1 -1
558 54126 97
559 -1 -1
560 -1 -1
561 -1 -1
562 204568 364
563 -1 -1
564 -1 -1
565 -1 -1
566 -1 -1
567 -1 -1
568 -1 -1
569 -1 -1
570 -1 -1
571 242104 424
572 -1 -1
573 -1 -1
574 -1 -1
575 64153928175 111572049
576 21209295917376 36821694301
577 -1 -1
578 -1 -1
579 -1 -1
580 2320 4
581 -1 -1
582 -1 -1
583 -1 -1
584 -1 -1
585 -1 -1
586 19924 34
587 304602866526585111 518914593742053
588 588 1
589 6347653 10777
590 146512411714500 248326121550
591 -1 -1
592 -1 -1
593 3348078 5646
594 1801100292487923523386970041963901146 3032155374558793810415774481420709
595 -1 -1
596 -1 -1
597 -1 -1
598 27508 46
599 2485646340 4149660
600 -1 -1
601 -1 -1
602 -1 -1
603 -1 -1
604 -1 -1
605 39930 66
606 606 1
607 24280 40
608 379392 624
609 -1 -1
610 -1 -1
611 -1 -1
612 -1 -1
613 11323288186 18471922
614 3322968 5412
615 -1 -1
616 -1 -1
617 -1 -1
618 -1 -1
619 -1 -1
620 -1 -1
621 -1 -1
622 -1 -1
623 630811690467 1012538829
624 624 1
625 2500 4
626 368088 588
627 -1 -1
628 -1 -1
629 94212249 149781
630 -1 -1
631 180466 286
632 394368 624
633 -1 -1
634 230776 364
635 -1 -1
636 -1 -1
637 -1 -1
638 42108 66
639 -1 -1
640 -1 -1
641 -1 -1
642 -1 -1
643 2326516746 3618222
644 -1 -1
645 -1 -1
646 -1 -1
647 3501564 5412
648 1337963740658283528 2064758859040561
649 -1 -1
650 382200 588
651 -1 -1
652 2608 4
653 -1 -1
654 -1 -1
655 -1 -1
656 -1 -1
657 -1 -1
658 239512 364
659 -1 -1
660 -1 -1
661 -1 -1
662 -1 -1
663 -1 -1
664 -1 -1
665 -1 -1
666 666 1
667 -1 -1
668 -1 -1
669 -1 -1
670 -1 -1
671 44286 66
672 -1 -1
673 -1 -1
674 -1 -1
675 -1 -1
676 -1 -1
677 -1 -1
678 -1 -1
679 109588563 161397
680 -1 -1
681 -1 -1
682 -1 -1
683 -1 -1
684 684 1
685 -1 -1
686 -1 -1
687 -1 -1
688 -1 -1
689 39016692 56628
690 -1 -1
691 377286 546
692 290121000 419250
693 -1 -1
694 -1 -1
695 38643390 55602
696 -1 -1
697 2788 4
698 4359708 6246
699 -1 -1
700 382200 546
701 -1 -1
702 702 1
703 298072 424
704 356805504 506826
705 -1 -1
706 -1 -1
707 86158284219 121864617
708 -1 -1
709 -1 -1
710 113985158171793000 160542476298300
711 -1 -1
712 3725184 5232
713 -1 -1
714 -1 -1
715 47190 66
716 3379736232 4720302
717 -1 -1
718 38978784 54288
719 77333313614974623357138 107556764415820060302
720 -1 -1
721 3625188 5028
722 375064560 519480
723 -1 -1
724 4522104 6246
725 -1 -1
726 -1 -1
727 48205278424635 66307123005
728 31273442928 42958026
729 -1 -1
730 195640 268
731 520410973020575566511475540 711916515760021294817340
732 -1 -1
733 514566 702
734 -1 -1
735 845044850475 1149720885
736 516672 702
737 4430844 6012
738 386843364 524178
739 403494 546
740 519480 702
741 31004007606 41840766
742 4452 6
743 521586 702
744 -1 -1
745 -1 -1
746 523692 702
747 386680068 517644
748 2992 4
749 29716175034 39674466
750 526500 702
751 4506 6
752 40946400 54450
753 515052 684
754 54288 72
755 -1 -1
756 530712 702
757 21940888 28984
758 1717621334075232 2265991205904
759 -1 -1
760 4560 6
761 506826 666
762 -1 -1
763 37008552 48504
764 417144 546
765 384334470 502398
766 -1 -1
767 55224 72
768 4617216 6012
769 -1 -1
770 681131819266998430535820 884586778268829130566
771 -1 -1
772 -1 -1
773 -1 -1
774 16477788278737728 21289132143072
775 3100 4
776 -1 -1
777 -1 -1
778 -1 -1
779 -1 -1
780 519480 666
781 4686 6
782 56304 72
783 3474297846 4437162
784 -1 -1
785 -1 -1
786 -1 -1
787 32884008 41784
788 -1 -1
789 29020546692 36781428
790 4740 6
791 -1 -1
792 42568416 53748
793 -1 -1
794 -1 -1
795 57240 72
796 -1 -1
797 -1 -1
798 3383520 4240
799 4794 6
800 -1 -1
801 -1 -1
802 291928 364
803 438438 546
804 -1 -1
805 12449325 15465
806 -1 -1
807 58104 72
808 -1 -1
809 -1 -1
810 -1 -1
811 107847591 132981
812 443352 546
813 41072760 50520
814 -1 -1
815 75724454415 92913441
816 39079872 47892
817 -1 -1
818 -1 -1
819 4712526 5754
820 3280 4
821 -1 -1
822 -1 -1
823 -1 -1
824 -1 -1
825 54450 66
826 33040 40
827 317821062 384306
828 516672 624
829 4974 6
830 -1 -1
831 7343916383655 8837444505
832 -1 -1
833 4143342 4974
834 490392 588
835 12856870219628040 15397449364824
836 48417545530917864562574280 57915724319279742299730
837 -1 -1
838 5028 6
839 -1 -1
840 -1 -1
841 -1 -1
842 50520 60
843 294095724 348868
844 -1 -1
845 -1 -1
846 4669920 5520
847 38962 46
848 -1 -1
849 -1 -1
850 -1 -1
851 464646 546
852 -1 -1
853 -1 -1
854 -1 -1
855 -1 -1
856 -1 -1
857 -1 -1
858 56628 66
859 -1 -1
860 469560 546
861 39606 46
862 246532 286
863 5178 6
864 384035904 444486
865 3460 4
866 3042595740 3513390
867 -1 -1
868 -1 -1
869 -1 -1
870 -1 -1
871 3013660 3460
872 5232 6
873 42485418 48666
874 -1 -1
875 1081753830818487750 1236290092363986
876 478296 546
877 -1 -1
878 447780 510
879 881096415 1002385
880 -1 -1
881 5286 6
882 -1 -1
883 -1 -1
884 1095707157397273200 1239487734612300
885 1243425 1405
886 -1 -1
887 -1 -1
888 3349536 3772
889 30226 34
890 453900 510
891 58806 66
892 3568 4
893 -1 -1
894 -1 -1
895 -1 -1
896 -1 -1
897 396474 442
898 35920 40
899 -1 -1
900 -1 -1
901 -1 -1
902 5412 6
903 -1 -1
904 -1 -1
905 -1 -1
906 -1 -1
907 30838 34
908 176389434952104 194261492238
909 -1 -1
910 -1 -1
911 5466 6
912 35040864 38422
913 -1 -1
914 2930633148 3206382
915 54900 60
916 -1 -1
917 -1 -1
918 4753404 5178
919 -1 -1
920 5520 6
921 -1 -1
922 -1 -1
923 -1 -1
924 408408 442
925 -1 -1
926 10459281554998124844 11295120469760394
927 4610898 4974
928 -1 -1
929 -1 -1
930 -1 -1
931 -1 -1
932 -1 -1
933 41167692 44124
934 -1 -1
935 244265744910 261246786
936 4706208 5028
937 -1 -1
938 -1 -1
939 415038 442
940 -1 -1
941 5646 6
942 -1 -1
943 3772 4
944 -1 -1
945 -1 -1
946 -1 -1
947 -1 -1
948 -1 -1
949 -1 -1
950 5700 6
951 7970107515 8380765
952 -1 -1
953 -1 -1
954 57240 60
955 -1 -1
956 -1 -1
957 52877157930905208813419760 55253038590287574517680
958 -1 -1
959 5754 6
960 2370528051840 2469300054
961 274846 286
962 -1 -1
963 57780 60
964 -1 -1
965 -1 -1
966 39615660 41010
967 -1 -1
968 -1 -1
969 30562260 31540
970 38800 40
971 -1 -1
972 530712 546
973 -1 -1
974 -1 -1
975 20259070642200 20778533992
976 -1 -1
977 -1 -1
978 44988 46
979 -1 -1
980 -1 -1
981 -1 -1
982 -1 -1
983 -1 -1
984 5904 6
985 -1 -1
986 -1 -1
987 -1 -1
988 3952 4
989 -1 -1
990 382547880 386412
991 -1 -1
992 -1 -1
993 5958 6
994 -1 -1
995 -1 -1
996 507960 510
997 -1 -1
998 -1 -1
999 4735260 4740
1000 -1 -1
1001 -1 -1
1002 6012 6
1003 -1 -1
1004 -1 -1
1005 -1 -1
1006 2333920 2320
1007 17990055 17865
1008 698799889701442547149824 693253858830796177728
1009 -1 -1
1010 -1 -1
1011 169776074865774 167928857434
1012 218389600 215800
1013 -1 -1
1014 216886494084 213892006
1015 4060 4
1016 -1 -1
1017 -1 -1
1018 -1 -1
1019 -1 -1
1020 -1 -1
1021 -1 -1
1022 -1 -1
1023 6138 6
1024 -1 -1
1025 -1 -1
1026 22424487037052139747465838381638576 21856225182312027044313682633176
1027 -1 -1
1028 -1 -1
1029 -1 -1
1030 -1 -1
1031 -1 -1
1032 6192 6
1033 -1 -1
1034 -1 -1
1035 46820163783346875 45236873220625
1036 -1 -1
1037 -1 -1
1038 36089184 34768
1039 67689811 65149
1040 -1 -1
1041 6246 6
1042 -1 -1
1043 -1 -1
1044 278688072312 266942598
1045 -1 -1
1046 -1 -1
1047 -1 -1
1048 -1 -1
1049 -1 -1
1050 382200 364
1051 -1 -1
1052 -1 -1
1053 -1 -1
1054 -1 -1
1055 -1 -1
1056 2220170430720 2102434120
1057 -1 -1
1058 -1 -1
1059 54424860936580828786578 51392692102531471942
1060 4240 4
1061 -1 -1
1062 6372 6
1063 -1 -1
1064 -1 -1
1065 -1 -1
1066 36244 34
1067 -1 -1
1068 -1 -1
1069 -1 -1
1070 -1 -1
1071 6426 6
1072 -1 -1
1073 -1 -1
1074 -1 -1
1075 -1 -1
1076 -1 -1
1077 -1 -1
1078 -1 -1
1079 -1 -1
1080 6480 6
1081 -1 -1
1082 -1 -1
1083 44037189506261019 40662224844193
1084 -1 -1
1085 -1 -1
1086 1243860938303892 1145359980022
1087 21833482 20086
1088 -1 -1
1089 363608388 333892
1090 -1 -1
1091 -1 -1
1092 417144 382
1093 2732500 2500
1094 -1 -1
1095 398580 364
1096 -1 -1
1097 -1 -1
1098 -1 -1
1099 -1 -1
1100 -1 -1
1101 -1 -1
1102 -1 -1
1103 -1 -1
1104 -1 -1
1105 -1 -1
1106 -1 -1
1107 4633902 4186
1108 -1 -1
1109 -1 -1
1110 318585540 287014
1111 317746 286
1112 -1 -1
1113 4452 4
1114 -1 -1
1115 -1 -1
1116 493272 442
1117 -1 -1
1118 -1 -1
1119 74850063303 66890137
1120 -1 -1
1121 -1 -1
1122 408408 364
1123 -1 -1
1124 -1 -1
1125 1418625 1261
1126 -1 -1
1127 -1 -1
1128 -1 -1
1129 -1 -1
1130 -1 -1
1131 -1 -1
1132 -1 -1
1133 -1 -1
1134 2515629901680 2218368520
1135 -1 -1
1136 -1 -1
1137 -1 -1
1138 -1 -1
1139 -1 -1
1140 4560 4
1141 -1 -1
1142 -1 -1
1143 41426892 36244
1144 -1 -1
1145 -1 -1
1146 417144 364
1147 -1 -1
1148 -1 -1
1149 -1 -1
1150 -1 -1
1151 -1 -1
1152 3223858176 2798488
1153 -1 -1
1154 -1 -1
1155 973693875 843025
1156 -1 -1
1157 -1 -1
1158 204877994316 176924002
1159 209723368 180952
1160 -1 -1
1161 -1 -1
1162 -1 -1
1163 -1 -1
1164 -1 -1
1165 13177817399260 11311431244
1166 -1 -1
1167 -1 -1
1168 -1 -1
1169 -1 -1
1170 40678560 34768
1171 -1 -1
1172 -1 -1
1173 18581512312272 15841016464
1174 -1 -1
1175 -1 -1
1176 3278688 2788
1177 -1 -1
1178 -1 -1
1179 -1 -1
1180 -1 -1
1181 -1 -1
1182 -1 -1
1183 -1 -1
1184 -1 -1
1185 4740 4
1186 -1 -1
1187 -1 -1
1188 103887719204020720907242003112825323442784 87447575087559529383200339320560036568
1189 -1 -1
1190 -1 -1
1191 -1 -1
1192 -1 -1
1193 -1 -1
1194 -1 -1
1195 -1 -1
1196 -1 -1
1197 55062 46
1198 -1 -1
1199 -1 -1
1200 161413138632000 134510948860
1201 -1 -1
1202 -1 -1
1203 17182146303546 14282748382
1204 -1 -1
1205 -1 -1
1206 38883852 32242
1207 -1 -1
1208 -1 -1
1209 -1 -1
1210 324280 268
1211 -1 -1
1212 -1 -1
1213 -1 -1
1214 -1 -1
1215 -1 -1
1216 -1 -1
1217 -1 -1
1218 443352 364
1219 -1 -1
1220 -1 -1
1221 5551757204037 4546893697
1222 -1 -1
1223 -1 -1
1224 56304 46
1225 -1 -1
1226 -1 -1
1227 -1 -1
1228 -1 -1
1229 -1 -1
1230 4920 4
1231 -1 -1
1232 -1 -1
1233 -1 -1
1234 -1 -1
1235 -1 -1
1236 3005867662836901773989883595968 2431931766049273279927090288
1237 -1 -1
1238 -1 -1
1239 -1 -1
1240 -1 -1
1241 -1 -1
1242 203001815341476 163447516378
1243 -1 -1
1244 -1 -1
1245 -1 -1
1246 -1 -1
1247 -1 -1
1248 379392 304
1249 -1 -1
1250 -1 -1
1251 -1 -1
1252 -1 -1
1253 -1 -1
1254 -1 -1
1255 -1 -1
1256 -1 -1
1257 5028 4
1258 -1 -1
1259 -1 -1
1260 38876943866708873583223841520 30854717354530852050177652
1261 -1 -1
1262 -1 -1
1263 50520 40
1264 25593472 20248
1265 -1 -1
1266 9220518465829827756 7283189941413766
1267 -1 -1
1268 -1 -1
1269 -1 -1
1270 -1 -1
1271 -1 -1
1272 -1 -1
1273 -1 -1
1274 -1 -1
1275 43350 34
1276 -1 -1
1277 -1 -1
1278 -1 -1
1279 -1 -1
1280 -1 -1
1281 304117086 237406
1282 -1 -1
1283 -1 -1
1284 -1 -1
1285 -1 -1
1286 -1 -1
1287 -1 -1
1288 -1 -1
1289 -1 -1
1290 469560 364
1291 -1 -1
1292 -1 -1
1293 43962 34
1294 -1 -1
1295 -1 -1
1296 -1 -1
1297 -1 -1
1298 -1 -1
1299 230229441894 177235906
1300 -1 -1
1301 -1 -1
1302 -1 -1
1303 -1 -1
1304 -1 -1
1305 29582254170 22668394
1306 -1 -1
1307 -1 -1
1308 5232 4
1309 -1 -1
1310 -1 -1
1311 -1 -1
1312 15776800 12025
1313 -1 -1
1314 478296 364
1315 -1 -1
1316 -1 -1
1317 -1 -1
1318 -1 -1
1319 -1 -1
1320 23745830190655303094271780697440 17989265295950987192630136892
1321 -1 -1
1322 -1 -1
1323 7455770819595 5635503265
1324 -1 -1
1325 -1 -1
1326 238771443612 180068962
1327 -1 -1
1328 -1 -1
1329 -1 -1
1330 -1 -1
1331 -1 -1
1332 40261032 30226
1333 -1 -1
1334 -1 -1
1335 -1 -1
1336 -1 -1
1337 -1 -1
1338 15962394649272 11930040844
1339 -1 -1
1340 -1 -1
1341 1697747910637752 1266031253272
1342 -1 -1
1343 -1 -1
1344 -1 -1
1345 -1 -1
1346 -1 -1
1347 114479158098759126 84988239123058
1348 -1 -1
1349 -1 -1
1350 56569298868290628313525800 41903184346881946898908
1351 -1 -1
1352 -1 -1
1353 5412 4
1354 -1 -1
1355 -1 -1
1356 -1 -1
1357 -1 -1
1358 -1 -1
1359 -1 -1
1360 -1 -1
1361 -1 -1
1362 -1 -1
1363 -1 -1
1364 -1 -1
1365 -1 -1
1366 -1 -1
1367 -1 -1
1368 -1 -1
1369 -1 -1
1370 -1 -1
1371 19092178550064 13925731984
1372 -1 -1
1373 -1 -1
1374 32742420 23830
1375 -1 -1
1376 -1 -1
1377 526014 382
1378 -1 -1
1379 -1 -1
1380 5520 4
1381 -1 -1
1382 -1 -1
1383 22886918484 16548748
1384 -1 -1
1385 -1 -1
1386 504504 364
1387 -1 -1
1388 -1 -1
1389 -1 -1
1390 180022625200 129512680
1391 -1 -1
1392 3304608 2374
1393 -1 -1
1394 -1 -1
1395 -1 -1
1396 -1 -1
1397 -1 -1
1398 7647957720168495251376 5470642146043272712
1399 -1 -1
1400 -1 -1
1401 1378071891497706 983634469306
1402 -1 -1
1403 -1 -1
1404 22583267927064 16084948666
1405 -1 -1
1406 -1 -1
1407 187219382253605750584011 133062816100643745973
1408 -1 -1
1409 -1 -1
1410 16657237591620 11813643682
1411 -1 -1
1412 -1 -1
1413 -1 -1
1414 -1 -1
1415 -1 -1
1416 -1 -1
1417 -1 -1
1418 -1 -1
1419 1247229325049928 878949489112
1420 -1 -1
1421 -1 -1
1422 -1 -1
1423 -1 -1
1424 -1 -1
1425 5700 4
1426 -1 -1
1427 -1 -1
1428 408408 286
1429 -1 -1
1430 -1 -1
1431 57240 40
1432 -1 -1
1433 -1 -1
1434 -1 -1
1435 -1 -1
1436 -1 -1
1437 5461678774581 3800750713
1438 -1 -1
1439 -1 -1
1440 -1 -1
1441 -1 -1
1442 -1 -1
1443 -1 -1
1444 -1 -1
1445 -1 -1
1446 -1 -1
1447 -1 -1
1448 -1 -1
1449 -1 -1
1450 -1 -1
1451 -1 -1
1452 49368 34
1453 -1 -1
1454 -1 -1
1455 -1 -1
1456 147133168 101053
1457 -1 -1
1458 530712 364
1459 -1 -1
1460 -1 -1
1461 6103410708333 4177556953
1462 1597966 1093
1463 -1 -1
1464 -1 -1
1465 -1 -1
1466 -1 -1
1467 15677498322124614 10686774589042
1468 -1 -1
1469 -1 -1
1470 37993620 25846
1471 -1 -1
1472 -1 -1
1473 -1 -1
1474 -1 -1
1475 -1 -1
1476 5904 4
1477 -1 -1
1478 -1 -1
1479 -1 -1
1480 -1 -1
1481 -1 -1
1482 -1 -1
1483 -1 -1
1484 -1 -1
1485 -1 -1
1486 -1 -1
1487 -1 -1
1488 -1 -1
1489 -1 -1
1490 -1 -1
1491 7870924887 5278957
1492 -1 -1
1493 -1 -1
1494 4470048 2992
1495 -1 -1
1496 -1 -1
1497 -1 -1
1498 73630671181522 49152650989
1499 -1 -1
1500 -1 -1
1501 -1 -1
1502 -1 -1
1503 6012 4
1504 -1 -1
1505 -1 -1
1506 1555251801859164 1032703719694
1507 -1 -1
1508 -1 -1
1509 -1 -1
1510 -1 -1
1511 -1 -1
1512 272370086352 180138946
1513 -1 -1
1514 -1 -1
1515 -1 -1
1516 1656988 1093
1517 -1 -1
1518 -1 -1
1519 -1 -1
1520 -1 -1
1521 -1 -1
1522 -1 -1
1523 -1 -1
1524 -1 -1
1525 -1 -1
1526 -1 -1
1527 -1 -1
1528 -1 -1
1529 -1 -1
1530 475431205421771225466512646406913546824126653120 310739349948870082004256631638505586159559904
1531 -1 -1
1532 -1 -1
1533 438438 286
1534 -1 -1
1535 -1 -1
1536 411648 268
1537 -1 -1
1538 -1 -1
1539 -1 -1
1540 -1 -1
1541 -1 -1
1542 1067461239273196869383121383097458268228 692257613017637399081142271788234934
1543 -1 -1
1544 -1 -1
1545 276317070 178846
1546 -1 -1
1547 -1 -1
1548 6192 4
1549 -1 -1
1550 -1 -1
1551 -1 -1
1552 -1 -1
1553 -1 -1
1554 -1 -1
1555 -1 -1
1556 -1 -1
1557 1440225 925
1558 -1 -1
1559 -1 -1
1560 -1 -1
1561 -1 -1
1562 -1 -1
1563 -1 -1
1564 1544420284 987481
1565 -1 -1
1566 949327193667737366854399040171270943348540 606211490209283120596678825141296898690
1567 -1 -1
1568 -1 -1
1569 -1 -1
1570 1716010 1093
1571 -1 -1
1572 6550727046507036243168 4167129164444679544
1573 -1 -1
1574 -1 -1
1575 7313454528975 4643463193
1576 -1 -1
1577 -1 -1
1578 176190767884092 111654479014
1579 -1 -1
1580 -1 -1
1581 -1 -1
1582 -1 -1
1583 -1 -1
1584 14918638374278496 9418332306994
1585 -1 -1
1586 -1 -1
1587 -1 -1
1588 -1 -1
1589 -1 -1
1590 -1 -1
1591 -1 -1
1592 -1 -1
1593 6372 4
1594 -1 -1
1595 -1 -1
1596 -1 -1
1597 -1 -1
1598 -1 -1
1599 -1 -1
1600 -1 -1
1601 -1 -1
1602 -1 -1
1603 -1 -1
1604 -1 -1
1605 -1 -1
1606 -1 -1
1607 -1 -1
1608 -1 -1
1609 -1 -1
1610 -1 -1
1611 4324888918191087358952819094 2684598956046609161361154
1612 -1 -1
1613 -1 -1
1614 -1 -1
1615 -1 -1
1616 -1 -1
1617 33352242 20626
1618 -1 -1
1619 -1 -1
1620 6480 4
1621 -1 -1
1622 -1 -1
1623 -1 -1
1624 -1 -1
1625 -1 -1
1626 -1 -1
1627 -1 -1
1628 -1 -1
1629 -1 -1
1630 -1 -1
1631 -1 -1
1632 37216128 22804
1633 -1 -1
1634 -1 -1
1635 -1 -1
1636 -1 -1
1637 -1 -1
1638 98665715516803838676 60235479558488302
1639 -1 -1
1640 -1 -1
1641 -1 -1
1642 1794706 1093
1643 -1 -1
1644 -1 -1
1645 -1 -1
1646 -1 -1
1647 2896867193362777299627 1758875041507454341
1648 -1 -1
1649 -1 -1
1650 -1 -1
1651 -1 -1
1652 -1 -1
1653 -1 -1
1654 -1 -1
1655 -1 -1
1656 56304 34
1657 -1 -1
1658 -1 -1
1659 -1 -1
1660 -1 -1
1661 -1 -1
1662 -1 -1
1663 -1 -1
1664 -1 -1
1665 476190 286
1666 -1 -1
1667 -1 -1
1668 -1 -1
1669 -1 -1
1670 -1 -1
1671 -1 -1
1672 -1 -1
1673 -1 -1
1674 1806905431601712 1079393925688
1675 -1 -1
1676 -1 -1
1677 -1 -1
1678 -1 -1
1679 -1 -1
1680 -1 -1
1681 -1 -1
1682 -1 -1
1683 141026655595740552 83794804275544
1684 -1 -1
1685 -1 -1
1686 334758008020646836870965609492 198551606180692074063443422
1687 -1 -1
1688 -1 -1
1689 -1 -1
1690 -1 -1
1691 -1 -1
1692 -1 -1
1693 -1 -1
1694 -1 -1
1695 -1 -1
1696 1853728 1093
1697 -1 -1
1698 -1 -1
1699 -1 -1
1700 -1 -1
1701 -1 -1
1702 -1 -1
1703 -1 -1
1704 -1 -1
1705 -1 -1
1706 -1 -1
1707 -1 -1
1708 -1 -1
1709 -1 -1
1710 4459680 2608
1711 -1 -1
1712 -1 -1
1713 1596116462374128 931766761456
1714 -1 -1
1715 -1 -1
1716 -1 -1
1717 -1 -1
1718 -1 -1
1719 20670975 12025
1720 -1 -1
1721 -1 -1
1722 235648512372 136845826
1723 -1 -1
1724 -1 -1
1725 -1 -1
1726 -1 -1
1727 -1 -1
1728 8666810538650538361344 5015515358015357848
1729 -1 -1
1730 -1 -1
1731 13398893183320320 7740550654720
1732 -1 -1
1733 -1 -1
1734 -1 -1
1735 -1 -1
1736 -1 -1
1737 -1 -1
1738 -1 -1
1739 -1 -1
1740 -1 -1
1741 -1 -1
1742 -1 -1
1743 -1 -1
1744 -1 -1
1745 -1 -1
1746 20392992056664 11679835084
1747 -1 -1
1748 -1 -1
1749 -1 -1
1750 1912750 1093
1751 -1 -1
1752 -1 -1
1753 -1 -1
1754 -1 -1
1755 90554042475 51597745
1756 -1 -1
1757 -1 -1
1758 -1 -1
1759 -1 -1
1760 -1 -1
1761 -1 -1
1762 -1 -1
1763 -1 -1
1764 504504 286
1765 -1 -1
1766 -1 -1
1767 -1 -1
1768 -1 -1
1769 -1 -1
1770 -1 -1
1771 -1 -1
1772 3354396 1893
1773 39474072 22264
1774 -1 -1
1775 -1 -1
1776 -1 -1
1777 -1 -1
1778 56855401910000949348114 31977166428571962513
1779 -1 -1
1780 -1 -1
1781 -1 -1
1782 -1 -1
1783 -1 -1
1784 -1 -1
1785 -1 -1
1786 177780226 99541
1787 -1 -1
1788 -1 -1
1789 -1 -1
1790 -1 -1
1791 -1 -1
1792 -1 -1
1793 -1 -1
1794 -1 -1
1795 -1 -1
1796 22617741012 12593397
1797 -1 -1
1798 -1 -1
1799 -1 -1
1800 -1 -1
1801 -1 -1
1802 -1 -1
1803 -1 -1
1804 -1 -1
1805 -1 -1
1806 -1 -1
1807 -1 -1
1808 -1 -1
1809 -1 -1
1810 -1 -1
1811 -1 -1
1812 -1 -1
1813 -1 -1
1814 -1 -1
1815 -1 -1
1816 -1 -1
1817 -1 -1
1818 269178326748 148062886
1819 -1 -1
1820 -1 -1
1821 -1 -1
1822 1991446 1093
1823 -1 -1
1824 -1 -1
1825 -1 -1
1826 -1 -1
1827 12419437278242282319651675166932812961145936211235 6797721553498786162918267743258244642116002305
1828 -1 -1
1829 -1 -1
1830 -1 -1
1831 -1 -1
1832 -1 -1
1833 -1 -1
1834 -1 -1
1835 -1 -1
1836 199064160730656 108422745496
1837 -1 -1
1838 -1 -1
1839 -1 -1
1840 16869938800 9168445
1841 -1 -1
1842 -1 -1
1843 -1 -1
1844 56234065176247854612660 30495696950242871265
1845 360747884620551220098845621220 195527308737426135554929876
1846 -1 -1
1847 -1 -1
1848 245035061040 132594730
1849 -1 -1
1850 -1 -1
1851 -1 -1
1852 -1 -1
1853 -1 -1
1854 -1 -1
1855 -1 -1
1856 -1 -1
1857 -1 -1
1858 -1 -1
1859 -1 -1
1860 -1 -1
1861 -1 -1
1862 -1 -1
1863 2512626326424 1348699048
1864 -1 -1
1865 -1 -1
1866 -1 -1
1867 -1 -1
1868 -1 -1
1869 -1 -1
1870 -1 -1
1871 -1 -1
1872 192080260161504 102606976582
1873 -1 -1
1874 -1 -1
1875 -1 -1
1876 2050468 1093
1877 -1 -1
1878 -1 -1
1879 -1 -1
1880 204760126680 108914961
1881 -1 -1
1882 -1 -1
1883 -1 -1
1884 -1 -1
1885 -1 -1
1886 39606 21
1887 -1 -1
1888 -1 -1
1889 -1 -1
1890 -1 -1
1891 -1 -1
1892 -1 -1
1893 -1 -1
1894 59954558517031475326 31654993937186629
1895 -1 -1
1896 -1 -1
1897 -1 -1
1898 -1 -1
1899 508932 268
1900 -1 -1
1901 -1 -1
1902 176164837895443427639693473591816760215215942449305195596 92620840113272043974602246893699663625244974999634698
1903 -1 -1
1904 1762593646128 925731957
1905 -1 -1
1906 -1 -1
1907 -1 -1
1908 38633184 20248
1909 -1 -1
1910 -1 -1
1911 -1 -1
1912 277240 145
1913 -1 -1
1914 -1 -1
1915 -1 -1
1916 -1 -1
1917 146256373177094466 76294404369898
1918 -1 -1
1919 -1 -1
1920 -1 -1
1921 -1 -1
1922 -1 -1
1923 -1 -1
1924 -1 -1
1925 -1 -1
1926 195511546541808 101511706408
1927 -1 -1
1928 -1 -1
1929 -1 -1
1930 2109490 1093
1931 -1 -1
1932 -1 -1
1933 -1 -1
1934 388734 201
1935 138895940080129050 71780847586630
1936 -1 -1
1937 -1 -1
1938 -1 -1
1939 -1 -1
1940 11603212828432260 5981037540429
1941 -1 -1
1942 -1 -1
1943 -1 -1
1944 8567745772450685764887541150815936369553107500464817804500159152 4407276631919077039551204295687210066642545010527169652520658
1945 -1 -1
1946 30935562 15897
1947 -1 -1
1948 -1 -1
1949 -1 -1
1950 -1 -1
1951 -1 -1
1952 -1 -1
1953 -1 -1
1954 2135722 1093
1955 -1 -1
1956 -1 -1
1957 -1 -1
1958 -1 -1
1959 -1 -1
1960 -1 -1
1961 -1 -1
1962 2296933671384 1170710332
1963 -1 -1
1964 -1 -1
1965 -1 -1
1966 15752850493614 8012640129
1967 -1 -1
1968 -1 -1
1969 -1 -1
1970 -1 -1
1971 -1 -1
1972 -1 -1
1973 -1 -1
1974 -1 -1
1975 -1 -1
1976 9159887685488829432 4635570691036857
1977 -1 -1
1978 -1 -1
1979 -1 -1
1980 74942818709972468198514874505333854161559560 37849908439380034443694381063299926344222
1981 -1 -1
1982 -1 -1
1983 -1 -1
1984 2501824 1261
1985 -1 -1
1986 -1 -1
1987 -1 -1
1988 -1 -1
1989 -1 -1
1990 -1 -1
1991 -1 -1
1992 -1 -1
1993 -1 -1
1994 -1 -1
1995 -1 -1
1996 -1 -1
1997 -1 -1
1998 4635360 2320
1999 -1 -1
2000 -1 -1
2001 -1 -1
2002 -1 -1
2003 -1 -1
2004 -1 -1
2005 -1 -1
2006 -1 -1
2007 266741880390 132905770
2008 2194744 1093
2009 -1 -1
2010 -1 -1
2011 -1 -1
2012 60666365551640971815420 30152269160855353785
2013 -1 -1
2014 39467735703726607815919494 19596691014759984019821
2015 -1 -1
2016 -1 -1
2017 -1 -1
2018 -1 -1
2019 -1 -1
2020 3260688526599109515999855060 1614202240890648275247453
2021 -1 -1
2022 -1 -1
2023 -1 -1
2024 32175528 15897
2025 -1 -1
2026 -1 -1
2027 -1 -1
2028 -1 -1
2029 -1 -1
2030 -1 -1
2031 -1 -1
2032 -1 -1
2033 -1 -1
2034 -1 -1
2035 -1 -1
2036 -1 -1
2037 -1 -1
2038 202864558 99541
2039 -1 -1
2040 -1 -1
2041 -1 -1
2042 9092471713835432036890101401971344890922 4452728557216176315812978159633371641
2043 -1 -1
2044 -1 -1
2045 -1 -1
2046 -1 -1
2047 -1 -1
2048 411648 201
2049 -1 -1
2050 -1 -1
2051 -1 -1
2052 370133931637668793402125061073782948419073027258968 180377159667479918811951784149017031393310442134
2053 -1 -1
2054 -1 -1
2055 -1 -1
2056 -1 -1
2057 -1 -1
2058 -1 -1
2059 -1 -1
2060 1659312077178060 805491299601
2061 -1 -1
2062 26806 13
2063 -1 -1
2064 -1 -1
2065 -1 -1
2066 2303810229402 1115106597
2067 -1 -1
2068 146504196292740 70843421805
2069 -1 -1
2070 -1 -1
2071 -1 -1
2072 43512 21
2073 -1 -1
2074 -1 -1
2075 -1 -1
2076 -1 -1
2077 -1 -1
2078 -1 -1
2079 -1 -1
2080 201760 97
2081 -1 -1
2082 -1 -1
2083 -1 -1
2084 -1 -1
2085 -1 -1
2086 -1 -1
2087 -1 -1
2088 -1 -1
2089 -1 -1
2090 -1 -1
2091 -1 -1
2092 545059286245002212140 260544591895316545
2093 -1 -1
2094 -1 -1
2095 -1 -1
2096 2292215289840 1093614165
2097 -1 -1
2098 -1 -1
2099 -1 -1
2100 -1 -1
2101 -1 -1
2102 38611638 18369
2103 -1 -1
2104 -1 -1
2105 -1 -1
2106 -1 -1
2107 -1 -1
2108 -1 -1
2109 -1 -1
2110 5340927934538397204431070 2531245466605875452337
2111 -1 -1
2112 -1 -1
2113 -1 -1
2114 2628600450 1243425
2115 -1 -1
2116 27508 13
2117 -1 -1
2118 -1 -1
2119 -1 -1
2120 259028877960 122183433
2121 -1 -1
2122 15516823893388290 7312358102445
2123 -1 -1
2124 -1 -1
2125 -1 -1
2126 8013055528145953686870 3769075977491041245
2127 -1 -1
2128 125109371862284880 58791998055585
2129 -1 -1
2130 -1 -1
2131 -1 -1
2132 -1 -1
2133 -1 -1
2134 2332462 1093
2135 -1 -1
2136 -1 -1
2137 -1 -1
2138 -1 -1
2139 -1 -1
2140 23103056940 10795821
2141 -1 -1
2142 -1 -1
2143 -1 -1
2144 -1 -1
2145 -1 -1
2146 431346 201
2147 -1 -1
2148 -1 -1
2149 -1 -1
2150 -1 -1
2151 -1 -1
2152 -1 -1
2153 -1 -1
2154 -1 -1
2155 -1 -1
2156 -1 -1
2157 -1 -1
2158 -1 -1
2159 -1 -1
2160 -1 -1
2161 -1 -1
2162 16263258252162858 7522321115709
2163 -1 -1
2164 -1 -1
2165 -1 -1
2166 -1 -1
2167 -1 -1
2168 45528 21
2169 -1 -1
2170 28210 13
2171 -1 -1
2172 -1 -1
2173 -1 -1
2174 -1 -1
2175 -1 -1
2176 -1 -1
2177 -1 -1
2178 -1 -1
2179 -1 -1
2180 1833285927996900 840956847705
2181 -1 -1
2182 1306516831916148974218034237338132370622 598770317101809795700290667890986421
2183 -1 -1
2184 -1 -1
2185 -1 -1
2186 4662738 2133
2187 -1 -1
2188 1708828 781
2189 -1 -1
2190 -1 -1
2191 -1 -1
2192 -1 -1
2193 -1 -1
2194 -1 -1
2195 -1 -1
2196 -1 -1
2197 -1 -1
2198 -1 -1
2199 -1 -1
2200 2464809593400 1120367997
2201 -1 -1
2202 -1 -1
2203 -1 -1
2204 15459535484236332 7014308295933
2205 -1 -1
2206 46326 21
2207 -1 -1
2208 -1 -1
2209 -1 -1
2210 -1 -1
2211 -1 -1
2212 106609429545066333396 48195944640626733
2213 -1 -1
2214 -1 -1
2215 -1 -1
2216 -1 -1
2217 -1 -1
2218 28573866306 12882717
2219 -1 -1
2220 4735260 2133
2221 -1 -1
2222 8242545936479502054726 3709516623078083733
2223 -1 -1
2224 2667165360 1199265
2225 -1 -1
2226 -1 -1
2227 -1 -1
2228 -1 -1
2229 -1 -1
2230 -1 -1
2231 -1 -1
2232 2532167388504 1134483597
2233 -1 -1
2234 -1 -1
2235 -1 -1
2236 -1 -1
2237 -1 -1
2238 -1 -1
2239 -1 -1
2240 -1 -1
2241 -1 -1
2242 2450506 1093
2243 -1 -1
2244 12022251953575464612 5357509783233273
2245 -1 -1
2246 191757400484526 85377293181
2247 -1 -1
2248 -1 -1
2249 -1 -1
2250 -1 -1
2251 -1 -1
2252 40718412 18081
2253 -1 -1
2254 23934389766 10618629
2255 -1 -1
2256 -1 -1
2257 -1 -1
2258 -1 -1
2259 -1 -1
2260 33269460 14721
2261 -1 -1
2262 -1 -1
2263 -1 -1
2264 -1 -1
2265 -1 -1
2266 2266 1
2267 -1 -1
2268 3485246940 1536705
2269 -1 -1
2270 1675498083071578385179145587377381293025557566811497961790 738104882410386953823412153029683388998042980974228177
2271 -1 -1
2272 3428448 1509
2273 -1 -1
2274 -1 -1
2275 -1 -1
2276 -1 -1
2277 -1 -1
2278 -1 -1
2279 -1 -1
2280 -1 -1
2281 -1 -1
2282 -1 -1
2283 -1 -1
2284 36308748 15897
2285 -1 -1
2286 6388096123715903265930030 2794442748782109915105
2287 -1 -1
2288 -1 -1
2289 -1 -1
2290 -1 -1
2291 -1 -1
2292 346928580 151365
2293 -1 -1
2294 162898808869038 71010814677
2295 -1 -1
2296 332920 145
2297 -1 -1
2298 -1 -1
2299 -1 -1
2300 -1 -1
2301 -1 -1
2302 48342 21
2303 -1 -1
2304 4748544 2061
2305 -1 -1
2306 -1 -1
2307 -1 -1
2308 -1 -1
2309 -1 -1
2310 -1 -1
2311 -1 -1
2312 -1 -1
2313 -1 -1
2314 2529202 1093
2315 -1 -1
2316 521100 225
2317 -1 -1
2318 -1 -1
2319 -1 -1
2320 2320 1
2321 -1 -1
2322 3476779362 1497321
2323 -1 -1
2324 -1 -1
2325 -1 -1
2326 2567087574 1103649
2327 -1 -1
2328 4406904 1893
2329 -1 -1
2330 2379885936163907174260040733273090 1021410273031719817278987439173
2331 -1 -1
2332 -1 -1
2333 -1 -1
2334 -1 -1
2335 -1 -1
2336 -1 -1
2337 -1 -1
2338 -1 -1
2339 -1 -1
2340 526500 225
2341 -1 -1
2342 2107666442766 899942973
2343 -1 -1
2344 -1 -1
2345 -1 -1
2346 3143248218 1339833
2347 -1 -1
2348 165614067506748 70534100301
2349 -1 -1
2350 -1 -1
2351 -1 -1
2352 -1 -1
2353 -1 -1
2354 416658 177
2355 -1 -1
2356 -1 -1
2357 -1 -1
2358 -1 -1
2359 -1 -1
2360 -1 -1
2361 -1 -1
2362 31879914 13497
2363 -1 -1
2364 -1 -1
2365 -1 -1
2366 -1 -1
2367 -1 -1
2368 2588224 1093
2369 -1 -1
2370 -1 -1
2371 -1 -1
2372 -1 -1
2373 -1 -1
2374 2374 1
2375 -1 -1
2376 31277029608 13163733
2377 -1 -1
2378 -1 -1
2379 -1 -1
2380 -1 -1
2381 -1 -1
2382 379302534 159237
2383 -1 -1
2384 -1 -1
2385 -1 -1
2386 -1 -1
2387 -1 -1
2388 1696317683106988160788685261971345812 710350788570765561469298685917649
2389 -1 -1
2390 34494870 14433
2391 -1 -1
2392 -1 -1
2393 -1 -1
2394 16132228005761154 6738608189541
2395 -1 -1
2396 -1 -1
2397 -1 -1
2398 -1 -1
2399 -1 -1
2400 38844000 16185
2401 -1 -1
2402 -1 -1
2403 -1 -1
2404 -1 -1
2405 -1 -1
2406 198121768530606 82344874701
2407 -1 -1
2408 -1 -1
2409 -1 -1
2410 150502235379318742941268601456059890 62449060323368773004675768239029
2411 -1 -1
2412 510966324556639210920144780 211843418141226870199065
2413 -1 -1
2414 -1 -1
2415 1886115 781
2416 -1 -1
2417 -1 -1
2418 -1 -1
2419 -1 -1
2420 -1 -1
2421 -1 -1
2422 2647246 1093
2423 -1 -1
2424 -1 -1
2425 -1 -1
2426 -1 -1
2427 -1 -1
2428 -1 -1
2429 -1 -1
2430 -1 -1
2431 -1 -1
2432 -1 -1
2433 -1 -1
2434 -1 -1
2435 -1 -1
2436 -1 -1
2437 -1 -1
2438 -1 -1
2439 -1 -1
2440 22782280 9337
2441 -1 -1
2442 -1 -1
2443 -1 -1
2444 2000125483356 818381949
2445 -1 -1
2446 295966 121
2447 -1 -1
2448 -1 -1
2449 -1 -1
2450 13059340902007050 5330343225309
2451 -1 -1
2452 -1 -1
2453 -1 -1
2454 -1 -1
2455 -1 -1
2456 434712 177
2457 -1 -1
2458 -1 -1
2459 -1 -1
2460 -1 -1
2461 -1 -1
2462 -1 -1
2463 -1 -1
2464 -1 -1
2465 -1 -1
2466 1819810435316562 737960436057
2467 -1 -1
2468 -1 -1
2469 -1 -1
2470 -1 -1
2471 -1 -1
2472 -1 -1
2473 -1 -1
2474 -1 -1
2475 -1 -1
2476 -1 -1
2477 -1 -1
2478 15972809908219542 6445847420589
2479 -1 -1
2480 50315031190334746053968880 20288319028360784699181
2481 -1 -1
2482 2065046338 832009
2483 -1 -1
2484 12055387282104672756 4853215491990609
2485 -1 -1
2486 -1 -1
2487 -1 -1
2488 52248 21
2489 -1 -1
2490 533241967540162691457330 214153400618539233517
2491 -1 -1
2492 -1 -1
2493 -1 -1
2494 -1 -1
2495 -1 -1
2496 -1 -1
2497 -1 -1
2498 1633329455830050 653854866225
2499 -1 -1
2500 2500 1
2501 -1 -1
2502 -1 -1
2503 -1 -1
2504 -1 -1
2505 -1 -1
2506 -1 -1
2507 -1 -1
2508 363660 145
2509 -1 -1
2510 -1 -1
2511 -1 -1
2512 -1 -1
2513 -1 -1
2514 -1 -1
2515 -1 -1
2516 -1 -1
2517 -1 -1
2518 186163294 73933
2519 -1 -1
2520 201972618643320 80147864541
2521 -1 -1
2522 121049375175740154 47997373186257
2523 -1 -1
2524 -1 -1
2525 -1 -1
2526 53046 21
2527 -1 -1
2528 -1 -1
2529 -1 -1
2530 -1 -1
2531 -1 -1
2532 508932 201
2533 -1 -1
2534 -1 -1
2535 -1 -1
2536 -1 -1
2537 -1 -1
2538 280819692666 110646057
2539 -1 -1
2540 -1 -1
2541 -1 -1
2542 -1 -1
2543 -1 -1
2544 53424 21
2545 -1 -1
2546 4025226 1581
2547 -1 -1
2548 1989988 781
2549 -1 -1
2550 -1 -1
2551 -1 -1
2552 -1 -1
2553 -1 -1
2554 2554 1
2555 -1 -1
2556 -1 -1
2557 -1 -1
2558 -1 -1
2559 -1 -1
2560 -1 -1
2561 -1 -1
2562 20952991626 8178373
2563 -1 -1
2564 -1 -1
2565 -1 -1
2566 -1 -1
2567 -1 -1
2568 15605758973977704 6077008946253
2569 -1 -1
2570 -1 -1
2571 -1 -1
2572 -1 -1
2573 -1 -1
2574 -1 -1
2575 -1 -1
2576 -1 -1
2577 -1 -1
2578 -1 -1
2579 -1 -1
2580 -1 -1
2581 -1 -1
2582 -1 -1
2583 -1 -1
2584 114972147160 44493865
2585 -1 -1
2586 -1 -1
2587 -1 -1
2588 -1 -1
2589 -1 -1
2590 690469889029998070 266590690745173
2591 -1 -1
2592 40355858990470708048350074362093654025124571724926495856985573741931216360894130580322695456 15569390042619871932233824985375638126977072424740160438651841721424080386147426921420793
2593 -1 -1
2594 95032058396148309018 36635334771067197
2595 -1 -1
2596 -1 -1
2597 -1 -1
2598 2689680822 1035289
2599 -1 -1
2600 -1 -1
2601 -1 -1
2602 -1 -1
2603 -1 -1
2604 38333484 14721
2605 -1 -1
2606 -1 -1
2607 -1 -1
2608 2608 1
2609 -1 -1
2610 11805411846693173490 4523146301415009
2611 -1 -1
2612 -1 -1
2613 -1 -1
2614 -1 -1
2615 -1 -1
2616 -1 -1
2617 -1 -1
2618 2125483477271147208119636039552706 811872985970644464522397264917
2619 -1 -1
2620 -1 -1
2621 -1 -1
2622 55062 21
2623 -1 -1
2624 -1 -1
2625 -1 -1
2626 317746 121
2627 -1 -1
2628 -1 -1
2629 -1 -1
2630 -1 -1
2631 -1 -1
2632 -1 -1
2633 -1 -1
2634 -1 -1
2635 -1 -1
2636 -1 -1
2637 -1 -1
2638 -1 -1
2639 -1 -1
2640 -1 -1
2641 -1 -1
2642 -1 -1
2643 -1 -1
2644 4113806178055281845764 1555902487918033981
2645 -1 -1
2646 -1 -1
2647 -1 -1
2648 10663280150611090008 4026918485880321
2649 -1 -1
2650 -1 -1
2651 -1 -1
2652 2345113212 884281
2653 -1 -1
2654 -1 -1
2655 -1 -1
2656 -1 -1
2657 -1 -1
2658 -1 -1
2659 -1 -1
2660 1520615386487049813179629485822871166835832075490005762980 571659919731973613977304317978522995051064690033836753
2661 -1 -1
2662 34606 13
2663 -1 -1
2664 77618152710535716796392 29135943209660554353
2665 -1 -1
2666 89018008866514906914 33390100850155629
2667 -1 -1
2668 -1 -1
2669 -1 -1
2670 -1 -1
2671 -1 -1
2672 1156180784040016176 432702389236533
2673 -1 -1
2674 -1 -1
2675 -1 -1
2676 3191892660 1192785
2677 -1 -1
2678 -1 -1
2679 -1 -1
2680 324280 121
2681 -1 -1
2682 -1 -1
2683 -1 -1
2684 37092955732002829108132987260 13820028216096434093939265
2685 -1 -1
2686 -1 -1
2687 -1 -1
2688 -1 -1
2689 -1 -1
2690 -1 -1
2691 -1 -1
2692 -1 -1
2693 -1 -1
2694 7699520101668867764282196334617759155334949367021181223223223438 2858025279015912310423977852493600280376744382710163779964077
2695 -1 -1
2696 5416525548769777211577288 2009097013638641398953
2697 -1 -1
2698 1619773978 600361
2699 -1 -1
2700 1838377313585100 680880486513
2701 -1 -1
2702 -1 -1
2703 -1 -1
2704 -1 -1
2705 -1 -1
2706 -1 -1
2707 -1 -1
2708 -1 -1
2709 -1 -1
2710 -1 -1
2711 -1 -1
2712 -1 -1
2713 -1 -1
2714 -1 -1
2715 -1 -1
2716 8114937664752940 2987826827965
2717 -1 -1
2718 57078 21
2719 -1 -1
2720 -1 -1
2721 -1 -1
2722 -1 -1
2723 -1 -1
2724 -1 -1
2725 -1 -1
2726 -1 -1
2727 -1 -1
2728 -1 -1
2729 -1 -1
2730 135590593995797850 49666884247545
2731 -1 -1
2732 -1 -1
2733 -1 -1
2734 2734 1
2735 -1 -1
2736 273758493744 100057929
2737 -1 -1
2738 -1 -1
2739 -1 -1
2740 -1 -1
2741 -1 -1
2742 -1 -1
2743 -1 -1
2744 -1 -1
2745 -1 -1
2746 -1 -1
2747 -1 -1
2748 -1 -1
2749 -1 -1
2750 327879750 119229
2751 -1 -1
2752 -1 -1
2753 -1 -1
2754 58040106304423003326844218 21074838890494917693117
2755 -1 -1
2756 -1 -1
2757 -1 -1
2758 -1 -1
2759 -1 -1
2760 3299240520 1195377
2761 -1 -1
2762 -1 -1
2763 -1 -1
2764 -1 -1
2765 -1 -1
2766 -1 -1
2767 -1 -1
2768 -1 -1
2769 -1 -1
2770 -1 -1
2771 -1 -1
2772 -1 -1
2773 -1 -1
2774 -1 -1
2775 -1 -1
2776 -1 -1
2777 -1 -1
2778 -1 -1
2779 -1 -1
2780 27222151980 9792141
2781 -1 -1
2782 -1 -1
2783 -1 -1
2784 38978784 14001
2785 -1 -1
2786 -1 -1
2787 -1 -1
2788 2788 1
2789 -1 -1
2790 105754573887734190510 37904865192736269
2791 -1 -1
2792 -1 -1
2793 -1 -1
2794 -1 -1
2795 -1 -1
2796 494892 177
2797 -1 -1
2798 -1 -1
2799 -1 -1
2800 -1 -1
2801 -1 -1
2802 -1 -1
2803 -1 -1
2804 -1 -1
2805 -1 -1
2806 339526 121
2807 -1 -1
2808 204818590528344 72941093493
2809 -1 -1
2810 -1 -1
2811 -1 -1
2812 -1 -1
2813 -1 -1
2814 -1 -1
2815 -1 -1
2816 4249344 1509
2817 -1 -1
2818 -1 -1
2819 -1 -1
2820 5833691019418544807582674424828545144096042980 2068684758659058442405203696747711044005689
2821 -1 -1
2822 -1 -1
2823 -1 -1
2824 -1 -1
2825 -1 -1
2826 200858701865778 71075266053
2827 -1 -1
2828 -1 -1
2829 -1 -1
2830 -1 -1
2831 -1 -1
2832 76579090923765319990082015881653463126992 27040639450482104516271898263295714381
2833 -1 -1
2834 -1 -1
2835 -1 -1
2836 -1 -1
2837 -1 -1
2838 4282542 1509
2839 -1 -1
2840 -1 -1
2841 -1 -1
2842 2842 1
2843 -1 -1
2844 16259991132276972 5717296460013
2845 -1 -1
2846 -1 -1
2847 -1 -1
2848 -1 -1
2849 -1 -1
2850 -1 -1
2851 -1 -1
2852 -1 -1
2853 -1 -1
2854 -1 -1
2855 -1 -1
2856 568941139699636635059016 199209082527883975861
2857 -1 -1
2858 -1 -1
2859 -1 -1
2860 346060 121
2861 -1 -1
2862 41341392456852051662558725966267353009798263535102 14444930977236915325841623328535063944723362521
2863 -1 -1
2864 -1 -1
2865 -1 -1
2866 -1 -1
2867 -1 -1
2868 4428251719045639206576180 1544020822540320504385
2869 -1 -1
2870 -1 -1
2871 -1 -1
2872 90391108165144 31473227077
2873 -1 -1
2874 26202985122 9117253
2875 -1 -1
2876 -1 -1
2877 -1 -1
2878 175065862 60829
2879 -1 -1
2880 2509488544320 871350189
2881 -1 -1
2882 -1 -1
2883 -1 -1
2884 -1 -1
2885 -1 -1
2886 -1 -1
2887 -1 -1
2888 -1 -1
2889 -1 -1
2890 -1 -1
2891 -1 -1
2892 -1 -1
2893 -1 -1
2894 -1 -1
2895 -1 -1
2896 -1 -1
2897 -1 -1
2898 512946 177
2899 -1 -1
2900 -1 -1
2901 -1 -1
2902 -1 -1
2903 -1 -1
2904 -1 -1
2905 -1 -1
2906 -1 -1
2907 -1 -1
2908 -1 -1
2909 -1 -1
2910 100671865706187707670 34595142854360037
2911 -1 -1
2912 -1 -1
2913 -1 -1
2914 352594 121
2915 -1 -1
2916 282300925572 96811017
2917 -1 -1
2918 -1 -1
2919 -1 -1
2920 -1 -1
2921 -1 -1
2922 3193746 1093
2923 -1 -1
2924 -1 -1
2925 -1 -1
2926 -1 -1
2927 -1 -1
2928 -1 -1
2929 -1 -1
2930 -1 -1
2931 -1 -1
2932 -1 -1
2933 -1 -1
2934 8597936347559186755459093947892571098526046 2930448652883158403360291052451455725469
2935 -1 -1
2936 -1 -1
2937 -1 -1
2938 -1 -1
2939 -1 -1
2940 -1 -1
2941 -1 -1
2942 -1 -1
2943 -1 -1
2944 -1 -1
2945 -1 -1
2946 -1 -1
2947 -1 -1
2948 -1 -1
2949 -1 -1
2950 -1 -1
2951 -1 -1
2952 41968584 14217
2953 -1 -1
2954 -1 -1
2955 -1 -1
2956 -1 -1
2957 -1 -1
2958 -1 -1
2959 -1 -1
2960 -1 -1
2961 -1 -1
2962 -1 -1
2963 -1 -1
2964 3224479284 1087881
2965 -1 -1
2966 -1 -1
2967 -1 -1
2968 -1 -1
2969 -1 -1
2970 -1 -1
2971 -1 -1
2972 -1 -1
2973 -1 -1
2974 -1 -1
2975 -1 -1
2976 3252768 1093
2977 -1 -1
2978 -1 -1
2979 -1 -1
2980 -1 -1
2981 -1 -1
2982 -1 -1
2983 -1 -1
2984 -1 -1
2985 -1 -1
2986 -1 -1
2987 -1 -1
2988 10620544608130928268171644776672769922018234509202437773490796 3554399132573938510097605346945371459845460009773238880017
2989 -1 -1
2990 -1 -1
2991 -1 -1
2992 2992 1
2993 -1 -1
2994 509608320863413379151498 170209860007820099917
2995 -1 -1
2996 -1 -1
2997 -1 -1
2998 -1 -1
2999 -1 -1
3000 -1 -1
3001 -1 -1
3002 -1 -1
3003 -1 -1
3004 -1 -1
3005 -1 -1
3006 1757582250480386402732933268138555294 584691367425278244422133489068049
3007 -1 -1
3008 -1 -1
3009 -1 -1
3010 -1 -1
3011 -1 -1
3012 103657920344713623348 34414980194128029
3013 -1 -1
3014 -1 -1
3015 -1 -1
3016 -1 -1
3017 -1 -1
3018 -1 -1
3019 -1 -1
3020 -1 -1
3021 -1 -1
3022 -1 -1
3023 -1 -1
3024 108516211951114452240 35884990724574885
3025 -1 -1
3026 -1 -1
3027 -1 -1
3028 -1 -1
3029 -1 -1
3030 3311790 1093
3031 -1 -1
3032 -1 -1
3033 -1 -1
3034 -1 -1
3035 -1 -1
3036 -1 -1
3037 -1 -1
3038 -1 -1
3039 -1 -1
3040 -1 -1
3041 -1 -1
3042 -1 -1
3043 -1 -1
3044 -1 -1
3045 -1 -1
3046 3046 1
3047 -1 -1
3048 -1 -1
3049 -1 -1
3050 -1 -1
3051 -1 -1
3052 -1 -1
3053 -1 -1
3054 -1 -1
3055 -1 -1
3056 -1 -1
3057 -1 -1
3058 1936304194 633193
3059 -1 -1
3060 -1 -1
3061 -1 -1
3062 -1 -1
3063 -1 -1
3064 -1 -1
3065 -1 -1
3066 -1 -1
3067 -1 -1
3068 -1 -1
3069 -1 -1
3070 -1 -1
3071 -1 -1
3072 34065408 11089
3073 -1 -1
3074 -1 -1
3075 -1 -1
3076 -1 -1
3077 -1 -1
3078 4631004408166343429811100598319878290261239452574 1504549840209988118847011240519778521852254533
3079 -1 -1
3080 -1 -1
3081 -1 -1
3082 -1 -1
3083 -1 -1
3084 -1 -1
3085 -1 -1
3086 -1 -1
3087 -1 -1
3088 -1 -1
3089 -1 -1
3090 34888769587704074520495896850 11290863944240800815694465
3091 -1 -1
3092 -1 -1
3093 -1 -1
3094 -1 -1
3095 -1 -1
3096 656031901158199212278904 211896608901227135749
3097 -1 -1
3098 -1 -1
3099 -1 -1
3100 3100 1
3101 -1 -1
3102 3390486 1093
3103 -1 -1
3104 -1 -1
3105 -1 -1
3106 -1 -1
3107 -1 -1
3108 -1 -1
3109 -1 -1
3110 -1 -1
3111 -1 -1
3112 -1 -1
3113 -1 -1
3114 -1 -1
3115 -1 -1
3116 -1 -1
3117 -1 -1
3118 -1 -1
3119 -1 -1
3120 -1 -1
3121 -1 -1
3122 -1 -1
3123 -1 -1
3124 -1 -1
3125 -1 -1
3126 -1 -1
3127 -1 -1
3128 -1 -1
3129 -1 -1
3130 -1 -1
3131 -1 -1
3132 4686760058459497920268492716 1496411257490261149511013
3133 -1 -1
3134 -1 -1
3135 -1 -1
3136 -1 -1
3137 -1 -1
3138 -1 -1
3139 -1 -1
3140 -1 -1
3141 -1 -1
3142 -1 -1
3143 -1 -1
3144 -1 -1
3145 -1 -1
3146 -1 -1
3147 -1 -1
3148 132154487566876 41980459837
3149 -1 -1
3150 -1 -1
3151 -1 -1
3152 -1 -1
3153 -1 -1
3154 -1 -1
3155 -1 -1
3156 3449508 1093
3157 -1 -1
3158 -1 -1
3159 -1 -1
3160 -1 -1
3161 -1 -1
3162 -1 -1
3163 -1 -1
3164 -1 -1
3165 -1 -1
3166 -1 -1
3167 -1 -1
3168 -1 -1
3169 -1 -1
3170 -1 -1
3171 -1 -1
3172 307684 97
3173 -1 -1
3174 -1 -1
3175 -1 -1
3176 -1 -1
3177 -1 -1
3178 -1 -1
3179 -1 -1
3180 -1 -1
3181 -1 -1
3182 -1 -1
3183 -1 -1
3184 -1 -1
3185 -1 -1
3186 55725764003772723564744873026111269443490880571851222176670400007434 17490823604448438030365622418741766931415844498383936653066666669
3187 -1 -1
3188 -1 -1
3189 -1 -1
3190 -1 -1
3191 -1 -1
3192 73401766673687005848 22995540937871869
3193 -1 -1
3194 -1 -1
3195 -1 -1
3196 -1 -1
3197 -1 -1
3198 302137446 94477
3199 -1 -1
3200 -1 -1
3201 -1 -1
3202 -1 -1
3203 -1 -1
3204 -1 -1
3205 -1 -1
3206 -1 -1
3207 -1 -1
3208 -1 -1
3209 -1 -1
3210 3508530 1093
3211 -1 -1
3212 -1 -1
3213 -1 -1
3214 -1 -1
3215 -1 -1
3216 -1 -1
3217 -1 -1
3218 -1 -1
3219 -1 -1
3220 21641620 6721
3221 -1 -1
3222 -1 -1
3223 -1 -1
3224 -1 -1
3225 -1 -1
3226 3226 1
3227 -1 -1
3228 -1 -1
3229 -1 -1
3230 -1 -1
3231 -1 -1
3232 -1 -1
3233 -1 -1
3234 -1 -1
3235 -1 -1
3236 -1 -1
3237 -1 -1
3238 16902324382 5219989
3239 -1 -1
3240 2382478019334388544028008803475037221581112484314196053234842051509129750289590250347463721931720 735332722016786587662965680084888031352195211208085201615691991206521527867157484675143124053
3241 -1 -1
3242 -1 -1
3243 -1 -1
3244 -1 -1
3245 -1 -1
3246 -1 -1
3247 -1 -1
3248 -1 -1
3249 -1 -1
3250 -1 -1
3251 -1 -1
3252 301686103826377423585089672900 92769404620657264325058325
3253 -1 -1
3254 -1 -1
3255 -1 -1
3256 1688151438424 518474029
3257 -1 -1
3258 357614370 109765
3259 -1 -1
3260 -1 -1
3261 -1 -1
3262 -1 -1
3263 -1 -1
3264 -1 -1
3265 -1 -1
3266 -1 -1
3267 -1 -1
3268 -1 -1
3269 -1 -1
3270 20103899521350 6147981505
3271 -1 -1
3272 -1 -1
3273 -1 -1
3274 -1 -1
3275 -1 -1
3276 21470359191372 6553833697
3277 -1 -1
3278 -1 -1
3279 -1 -1
3280 3280 1
3281 -1 -1
3282 3587226 1093
3283 -1 -1
3284 -1 -1
3285 -1 -1
3286 -1 -1
3287 -1 -1
3288 -1 -1
3289 -1 -1
3290 -1 -1
3291 -1 -1
3292 -1 -1
3293 -1 -1
3294 199631731451958 60604654357
3295 -1 -1
3296 -1 -1
3297 -1 -1
3298 20675970010 6269245
3299 -1 -1
3300 -1 -1
3301 -1 -1
3302 -1 -1
3303 -1 -1
3304 -1 -1
3305 -1 -1
3306 312340962 94477
3307 -1 -1
3308 -1 -1
3309 -1 -1
3310 -1 -1
3311 -1 -1
3312 1541576414679508357892194942894963620276534113913913323549913914740685835682496192313917035741045882592654750793240401648 465451816026421605643778666333020416750161266278355472086326665078709491450029043573042583255146703681357110746751329
3313 -1 -1
3314 -1 -1
3315 -1 -1
3316 -1 -1
3317 -1 -1
3318 -1 -1
3319 1163269672 350488
3320 -1 -1
3321 -1 -1
3322 -1 -1
3323 -1 -1
3324 -1 -1
3325 -1 -1
3326 -1 -1
3327 -1 -1
3328 -1 -1
3329 -1 -1
3330 -1 -1
3331 -1 -1
3332 -1 -1
3333 -1 -1
3334 3334 1
3335 -1 -1
3336 3646248 1093
3337 -1 -1
3338 -1 -1
3339 -1 -1
3340 -1 -1
3341 -1 -1
3342 -1 -1
3343 -1 -1
3344 -1 -1
3345 -1 -1
3346 -1 -1
3347 -1 -1
3348 11355265156909109823443162319929539287630045907230067208768469804425295097449367380 3391656259530797438304409295080507553055569267392493192583174971453194473551185
3349 -1 -1
3350 -1 -1
3351 -1 -1
3352 -1 -1
3353 -1 -1
3354 -1 -1
3355 -1 -1
3356 -1 -1
3357 -1 -1
3358 -1 -1
3359 -1 -1
3360 -1 -1
3361 -1 -1
3362 -1 -1
3363 -1 -1
3364 -1 -1
3365 -1 -1
3366 -1 -1
3367 -1 -1
3368 -1 -1
3369 -1 -1
3370 -1 -1
3371 -1 -1
3372 -1 -1
3373 -1 -1
3374 -1 -1
3375 -1 -1
3376 -1 -1
3377 -1 -1
3378 178362139003482 52801106869
3379 -1 -1
3380 -1 -1
3381 -1 -1
3382 -1 -1
3383 -1 -1
3384 -1 -1
3385 -1 -1
3386 -1 -1
3387 -1 -1
3388 -1 -1
3389 -1 -1
3390 3705270 1093
3391 -1 -1
3392 -1 -1
3393 -1 -1
3394 -1 -1
3395 -1 -1
3396 26770684980 7883005
3397 -1 -1
3398 -1 -1
3399 -1 -1
3400 1193311600 350974
3401 -1 -1
3402 2206411676338899475863554319086705592035375450726110748544854280907740054922366370779311139390205174226485475134545187080716054918494218886237476642266838821095938442582288545679132419377536129509110642 648563102980276153986935425951412578493643577520902630377676155469647282458073595173224908697885118820248522967238444174225765702085308314590675085910299477100511006050055422010326989822908915199621
3403 -1 -1
3404 -1 -1
3405 -1 -1
3406 -1 -1
3407 -1 -1
3408 -1 -1
3409 -1 -1
3410 -1 -1
3411 -1 -1
3412 -1 -1
3413 -1 -1
3414 3731502 1093
3415 -1 -1
3416 -1 -1
3417 -1 -1
3418 -1 -1
3419 -1 -1
3420 -1 -1
3421 -1 -1
3422 -1 -1
3423 -1 -1
3424 -1 -1
3425 -1 -1
3426 16414686532338 4791210313
3427 -1 -1
3428 -1 -1
3429 -1 -1
3430 -1 -1
3431 -1 -1
3432 -1 -1
3433 -1 -1
3434 -1 -1
3435 -1 -1
3436 -1 -1
3437 -1 -1
3438 1746273999316158 507933100441
3439 -1 -1
3440 -1 -1
3441 -1 -1
3442 -1 -1
3443 -1 -1
3444 29594292 8593
3445 -1 -1
3446 -1 -1
3447 -1 -1
3448 -1 -1
3449 -1 -1
3450 -1 -1
3451 -1 -1
3452 -1 -1
3453 -1 -1
3454 -1 -1
3455 -1 -1
3456 -1 -1
3457 -1 -1
3458 -1 -1
3459 -1 -1
3460 3460 1
3461 -1 -1
3462 -1 -1
3463 -1 -1
3464 -1 -1
3465 -1 -1
3466 -1 -1
3467 -1 -1
3468 3790524 1093
3469 -1 -1
3470 -1 -1
3471 -1 -1
3472 -1 -1
3473 -1 -1
3474 -1 -1
3475 -1 -1
3476 -1 -1
3477 -1 -1
3478 -1 -1
3479 -1 -1
3480 109789001977009560 31548563786497
3481 -1 -1
3482 -1 -1
3483 -1 -1
3484 -1 -1
3485 -1 -1
3486 -1 -1
3487 -1 -1
3488 -1 -1
3489 -1 -1
3490 -1 -1
3491 -1 -1
3492 506340 145
3493 -1 -1
3494 -1 -1
3495 -1 -1
3496 -1 -1
3497 -1 -1
3498 -1 -1
3499 -1 -1
3500 -1 -1
3501 -1 -1
3502 -1 -1
3503 -1 -1
3504 4129780625873679666124193520 1178590361265319539419005
3505 -1 -1
3506 -1 -1
3507 -1 -1
3508 -1 -1
3509 -1 -1
3510 -1 -1
3511 -1 -1
3512 -1 -1
3513 -1 -1
3514 3514 1
3515 -1 -1
3516 -1 -1
3517 -1 -1
3518 -1 -1
3519 -1 -1
3520 -1 -1
3521 -1 -1
3522 3849546 1093
3523 -1 -1
3524 -1 -1
3525 -1 -1
3526 -1 -1
3527 -1 -1
3528 -1 -1
3529 -1 -1
3530 -1 -1
3531 -1 -1
3532 -1 -1
3533 -1 -1
3534 -1 -1
3535 -1 -1
3536 -1 -1
3537 -1 -1
3538 -1 -1
3539 -1 -1
3540 -1 -1
3541 -1 -1
3542 -1 -1
3543 -1 -1
3544 -1 -1
3545 -1 -1
3546 4471506 1261
3547 -1 -1
3548 -1 -1
3549 -1 -1
3550 -1 -1
3551 -1 -1
3552 -1 -1
3553 -1 -1
3554 -1 -1
3555 -1 -1
3556 -1 -1
3557 -1 -1
3558 129605951045037558 36426630423001
3559 -1 -1
3560 -1 -1
3561 -1 -1
3562 -1 -1
3563 -1 -1
3564 203623356529692 57133377253
3565 -1 -1
3566 -1 -1
3567 -1 -1
3568 3568 1
3569 -1 -1
3570 29929002266939754307596461425950203786364837142530 8383474024352872355069036813991653721670822729
3571 -1 -1
3572 -1 -1
3573 -1 -1
3574 -1 -1
3575 -1 -1
3576 46488 13
3577 -1 -1
3578 -1 -1
3579 -1 -1
3580 1184314120 330814
3581 -1 -1
3582 10658690506233469390123653554117293997022 2975625490294100890598451578480539921
3583 -1 -1
3584 -1 -1
3585 -1 -1
3586 -1 -1
3587 -1 -1
3588 -1 -1
3589 -1 -1
3590 -1 -1
3591 -1 -1
3592 -1 -1
3593 -1 -1
3594 3928242 1093
3595 -1 -1
3596 -1 -1
3597 -1 -1
3598 -1 -1
3599 -1 -1
3600 -1 -1
3601 -1 -1
3602 -1 -1
3603 -1 -1
3604 -1 -1
3605 -1 -1
3606 1416864305410278 392918553913
3607 -1 -1
3608 -1 -1
3609 -1 -1
3610 -1 -1
3611 -1 -1
3612 -1 -1
3613 -1 -1
3614 -1 -1
3615 -1 -1
3616 -1 -1
3617 -1 -1
3618 -1 -1
3619 -1 -1
3620 -1 -1
3621 -1 -1
3622 -1 -1
3623 -1 -1
3624 -1 -1
3625 -1 -1
3626 -1 -1
3627 -1 -1
3628 -1 -1
3629 -1 -1
3630 47190 13
3631 -1 -1
3632 -1 -1
3633 -1 -1
3634 1178433520 324280
3635 -1 -1
3636 -1 -1
3637 -1 -1
3638 -1 -1
3639 -1 -1
3640 353080 97
3641 -1 -1
3642 -1 -1
3643 -1 -1
3644 -1 -1
3645 -1 -1
3646 -1 -1
3647 -1 -1
3648 3987264 1093
3649 -1 -1
3650 -1 -1
3651 -1 -1
3652 -1 -1
3653 -1 -1
3654 40388997591653773847039320086 11053365514957245168866809
3655 -1 -1
3656 -1 -1
3657 -1 -1
3658 -1 -1
3659 -1 -1
3660 355020 97
3661 -1 -1
3662 -1 -1
3663 -1 -1
3664 -1 -1
3665 -1 -1
3666 2182484787510963899929641077990927121543781074482222730 595331365933159819948074489359227256285810440393405
3667 -1 -1
3668 -1 -1
3669 -1 -1
3670 -1 -1
3671 -1 -1
3672 -1 -1
3673 -1 -1
3674 -1 -1
3675 -1 -1
3676 -1 -1
3677 -1 -1
3678 106413881818378254 28932539917993
3679 -1 -1
3680 -1 -1
3681 -1 -1
3682 -1 -1
3683 -1 -1
3684 47892 13
3685 -1 -1
3686 -1 -1
3687 -1 -1
3688 -1 -1
3689 -1 -1
3690 -1 -1
3691 -1 -1
3692 -1 -1
3693 -1 -1
3694 -1 -1
3695 -1 -1
3696 -1 -1
3697 74059753283152 20032392016
3698 -1 -1
3699 -1 -1
3700 -1 -1
3701 -1 -1
3702 4046286 1093
3703 -1 -1
3704 -1 -1
3705 -1 -1
3706 -1 -1
3707 -1 -1
3708 -1 -1
3709 -1 -1
3710 -1 -1
3711 -1 -1
3712 -1 -1
3713 -1 -1
3714 -1 -1
3715 1642030 442
3716 -1 -1
3717 -1 -1
3718 3718 1
3719 -1 -1
3720 -1 -1
3721 -1 -1
3722 -1 -1
3723 -1 -1
3724 -1 -1
3725 -1 -1
3726 -1 -1
3727 -1 -1
3728 -1 -1
3729 -1 -1
3730 -1 -1
3731 -1 -1
3732 -1 -1
3733 -1 -1
3734 -1 -1
3735 -1 -1
3736 -1 -1
3737 -1 -1
3738 64495327097255020498938 17253966585675500401
3739 -1 -1
3740 -1 -1
3741 -1 -1
3742 -1 -1
3743 -1 -1
3744 -1 -1
3745 -1 -1
3746 -1 -1
3747 -1 -1
3748 -1 -1
3749 -1 -1
3750 -1 -1
3751 -1 -1
3752 -1 -1
3753 -1 -1
3754 -1 -1
3755 -1 -1
3756 -1 -1
3757 -1 -1
3758 -1 -1
3759 -1 -1
3760 -1 -1
3761 -1 -1
3762 -1 -1
3763 -1 -1
3764 -1 -1
3765 -1 -1
3766 -1 -1
3767 -1 -1
3768 1277983126319798704239843020889663480 339167496369373329150701438664985
3769 -1 -1
3770 -1 -1
3771 -1 -1
3772 3772 1
3773 -1 -1
3774 4124982 1093
3775 -1 -1
3776 -1 -1
3777 -1 -1
3778 15814708 4186
3779 -1 -1
3780 -1 -1
3781 -1 -1
3782 -1 -1
3783 -1 -1
3784 -1 -1
3785 -1 -1
3786 -1 -1
3787 -1 -1
3788 -1 -1
3789 -1 -1
3790 -1 -1
3791 -1 -1
3792 -1 -1
3793 -1 -1
3794 -1 -1
3795 -1 -1
3796 -1 -1
3797 -1 -1
3798 4279951522248051812381499294 1126896135399697686251053
3799 -1 -1
3800 -1 -1
3801 -1 -1
3802 -1 -1
3803 -1 -1
3804 -1 -1
3805 -1 -1
3806 -1 -1
3807 -1 -1
3808 -1 -1
3809 -1 -1
3810 -1 -1
3811 -1 -1
3812 -1 -1
3813 -1 -1
3814 -1 -1
3815 -1 -1
3816 3284572392 860737
3817 -1 -1
3818 -1 -1
3819 -1 -1
3820 -1 -1
3821 -1 -1
3822 20572529485320843306529676546869406141604380313334278 5382660775855793643780658437171482506960853038549
3823 -1 -1
3824 -1 -1
3825 -1 -1
3826 3826 1
3827 -1 -1
3828 4184004 1093
3829 -1 -1
3830 -1 -1
3831 -1 -1
3832 -1 -1
3833 -1 -1
3834 1807955725129002 471558613753
3835 -1 -1
3836 -1 -1
3837 -1 -1
3838 -1 -1
3839 -1 -1
3840 -1 -1
3841 -1 -1
3842 -1 -1
3843 -1 -1
3844 -1 -1
3845 -1 -1
3846 -1 -1
3847 -1 -1
3848 -1 -1
3849 -1 -1
3850 -1 -1
3851 -1 -1
3852 474112004862014618610583821275453392579580088492 123082036568539620615416360663409499631251321
3853 -1 -1
3854 -1 -1
3855 -1 -1
3856 -1 -1
3857 -1 -1
3858 -1 -1
3859 -1 -1
3860 -1 -1
3861 -1 -1
3862 -1 -1
3863 -1 -1
3864 -1 -1
3865 -1 -1
3866 -1 -1
3867 -1 -1
3868 -1 -1
3869 -1 -1
3870 -1 -1
3871 -1 -1
3872 -1 -1
3873 -1 -1
3874 -1 -1
3875 -1 -1
3876 -1 -1
3877 -1 -1
3878 -1 -1
3879 -1 -1
3880 -1 -1
3881 -1 -1
3882 4243026 1093
3883 -1 -1
3884 -1 -1
3885 -1 -1
3886 -1 -1
3887 -1 -1
3888 -1 -1
3889 -1 -1
3890 -1 -1
3891 -1 -1
3892 -1 -1
3893 -1 -1
3894 -1 -1
3895 134790370 34606
3896 -1 -1
3897 -1 -1
3898 -1 -1
3899 -1 -1
3900 -1 -1
3901 -1 -1
3902 -1 -1
3903 -1 -1
3904 -1 -1
3905 -1 -1
3906 4269258 1093
3907 -1 -1
3908 -1 -1
3909 -1 -1
3910 -1 -1
3911 -1 -1
3912 23830835001217176590176464415464 6091726738552448003623840597
3913 -1 -1
3914 -1 -1
3915 -1 -1
3916 -1 -1
3917 -1 -1
3918 559657276427156367846318611021394757007030022 142842592247870435897477950745634190149829
3919 -1 -1
3920 -1 -1
3921 -1 -1
3922 -1 -1
3923 -1 -1
3924 8218185732879230877444 2094338871783697981
3925 -1 -1
3926 -1 -1
3927 -1 -1
3928 -1 -1
3929 -1 -1
3930 -1 -1
3931 -1 -1
3932 -1 -1
3933 -1 -1
3934 -1 -1
3935 -1 -1
3936 -1 -1
3937 -1 -1
3938 -1 -1
3939 -1 -1
3940 -1 -1
3941 -1 -1
3942 20754915561369666489526729084569198191245419507786950530737867784030101282030546241413068613776934 5265072440733045786282782619119532773020147008571017384763538250641831882808357747694842367777
3943 -1 -1
3944 -1 -1
3945 -1 -1
3946 -1 -1
3947 -1 -1
3948 16860130519596 4270549777
3949 14895628 3772
3950 -1 -1
3951 -1 -1
3952 3952 1
3953 -1 -1
3954 -1 -1
3955 -1 -1
3956 -1 -1
3957 -1 -1
3958 15642016 3952
3959 -1 -1
3960 4328280 1093
3961 -1 -1
3962 -1 -1
3963 -1 -1
3964 -1 -1
3965 -1 -1
3966 153662362702422 38744922517
3967 -1 -1
3968 -1 -1
3969 -1 -1
3970 -1 -1
3971 -1 -1
3972 -1 -1
3973 -1 -1
3974 -1 -1
3975 -1 -1
3976 -1 -1
3977 -1 -1
3978 4423642239596744995435123506 1112026706786512065217477
3979 -1 -1
3980 -1 -1
3981 -1 -1
3982 -1 -1
3983 -1 -1
3984 -1 -1
3985 -1 -1
3986 -1 -1
3987 -1 -1
3988 -1 -1
3989 -1 -1
3990 324175443127627273804632911636252718755641207543710 81246978227475507219206243517857824249534137229
3991 -1 -1
3992 -1 -1
3993 -1 -1
3994 -1 -1
3995 -1 -1
3996 3403253340 851665
3997 -1 -1
3998 -1 -1
3999 -1 -1
4000 -1 -1
4001 -1 -1
4002 -1 -1
4003 -1 -1
4004 -1 -1
4005 -1 -1
4006 4006 1
4007 -1 -1
4008 -1 -1
4009 -1 -1
4010 -1 -1
4011 -1 -1
4012 -1 -1
4013 -1 -1
4014 4387302 1093
4015 -1 -1
4016 -1 -1
4017 -1 -1
4018 -1 -1
4019 -1 -1
4020 -1 -1
4021 -1 -1
4022 -1 -1
4023 -1 -1
4024 -1 -1
4025 -1 -1
4026 -1 -1
4027 -1 -1
4028 -1 -1
4029 -1 -1
4030 185380 46
4031 -1 -1
4032 368448192 91381
4033 -1 -1
4034 -1 -1
4035 -1 -1
4036 -1 -1
4037 -1 -1
4038 -1 -1
4039 1371345514 339526
4040 -1 -1
4041 -1 -1
4042 -1 -1
4043 -1 -1
4044 -1 -1
4045 -1 -1
4046 -1 -1
4047 -1 -1
4048 -1 -1
4049 -1 -1
4050 30634533913325869713445179903450 7564082447734782645295106149
4051 -1 -1
4052 -1 -1
4053 -1 -1
4054 -1 -1
4055 -1 -1
4056 42535813307401407529681080 10487133458432299686805
4057 -1 -1
4058 -1 -1
4059 -1 -1
4060 4060 1
4061 -1 -1
4062 -1 -1
4063 -1 -1
4064 -1 -1
4065 -1 -1
4066 -1 -1
4067 -1 -1
4068 52884 13
4069 -1 -1
4070 -1 -1
4071 -1 -1
4072 -1 -1
4073 -1 -1
4074 -1 -1
4075 -1 -1
4076 -1 -1
4077 -1 -1
4078 -1 -1
4079 -1 -1
4080 24491691951554633474802152034480 6002865674400645459510331381
4081 -1 -1
4082 -1 -1
4083 -1 -1
4084 -1 -1
4085 -1 -1
4086 4465998 1093
4087 -1 -1
4088 -1 -1
4089 -1 -1
4090 -1 -1
4091 -1 -1
4092 -1 -1
4093 -1 -1
4094 -1 -1
4095 -1 -1
4096 -1 -1
4097 -1 -1
4098 -1 -1
4099 -1 -1
4100 -1 -1
4101 -1 -1
4102 -1 -1
4103 -1 -1
4104 1311168890205854568 319485597028717
4105 -1 -1
4106 -1 -1
4107 -1 -1
4108 -1 -1
4109 -1 -1
4110 -1 -1
4111 189106 46
4112 -1 -1
4113 -1 -1
4114 -1 -1
4115 -1 -1
4116 -1 -1
4117 -1 -1
4118 -1 -1
4119 -1 -1
4120 -1 -1
4121 -1 -1
4122 53586 13
4123 -1 -1
4124 -1 -1
4125 -1 -1
4126 -1 -1
4127 -1 -1
4128 1395555943062048 338070722641
4129 -1 -1
4130 -1 -1
4131 -1 -1
4132 -1 -1
4133 -1 -1
4134 -1 -1
4135 -1 -1
4136 -1 -1
4137 -1 -1
4138 -1 -1
4139 -1 -1
4140 4525020 1093
4141 -1 -1
4142 -1 -1
4143 -1 -1
4144 1607083699312 387809773
4145 -1 -1
4146 -1 -1
4147 -1 -1
4148 -1 -1
4149 -1 -1
4150 -1 -1
4151 -1 -1
4152 47745118450672216250236248 11499305985229339173949
4153 -1 -1
4154 -1 -1
4155 -1 -1
4156 -1 -1
4157 -1 -1
4158 910035659529596524713690721730813113932254552911172056790901967487114877273657222925093320180538087658334 218863794980662944856587475163735717636424856399993279651491574672225800210114772228257171760591170673
4159 -1 -1
4160 -1 -1
4161 -1 -1
4162 -1 -1
4163 -1 -1
4164 -1 -1
4165 -1 -1
4166 -1 -1
4167 -1 -1
4168 -1 -1
4169 -1 -1
4170 -1 -1
4171 -1 -1
4172 -1 -1
4173 -1 -1
4174 -1 -1
4175 -1 -1
4176 54288 13
4177 -1 -1
4178 -1 -1
4179 -1 -1
4180 -1 -1
4181 -1 -1
4182 -1 -1
4183 -1 -1
4184 -1 -1
4185 -1 -1
4186 4186 1
4187 -1 -1
4188 -1 -1
4189 -1 -1
4190 -1 -1
4191 -1 -1
4192 -1 -1
4193 -1 -1
4194 4584042 1093
4195 -1 -1
4196 -1 -1
4197 -1 -1
4198 1233631614984886 293861747257
4199 -1 -1
4200 -1 -1
4201 -1 -1
4202 -1 -1
4203 -1 -1
4204 -1 -1
4205 -1 -1
4206 5527634615252343966713795448068686394247083166 1314226014087575836118353649089083783701161
4207 -1 -1
4208 -1 -1
4209 -1 -1
4210 1293303580 307198
4211 -1 -1
4212 10068615980074503170352619274310098626587227710700454364237385017970748869921676225035715730108816281456364405169715209773249345813554000840828558264561041223523332130248250308741068772392653599620510399710033359447761877072690254825766010590714148112049540138105031065684 2390459634395656023350574376616832532428116740432206639182665009014897642431547061974291483881485346974445490306200192253857869376437322136948850490161690698842196612119717547184489262201484710261279772010929097684653816968824846824730771745183795848064943052731488857
4213 -1 -1
4214 -1 -1
4215 -1 -1
4216 -1 -1
4217 -1 -1
4218 -1 -1
4219 -1 -1
4220 -1 -1
4221 -1 -1
4222 -1 -1
4223 -1 -1
4224 -1 -1
4225 -1 -1
4226 -1 -1
4227 -1 -1
4228 -1 -1
4229 -1 -1
4230 -1 -1
4231 -1 -1
4232 -1 -1
4233 -1 -1
4234 -1 -1
4235 -1 -1
4236 285637467295125039542586239004 67430941287801000836304589
4237 -1 -1
4238 -1 -1
4239 -1 -1
4240 4240 1
4241 -1 -1
4242 -1 -1
4243 -1 -1
4244 -1 -1
4245 -1 -1
4246 110596096996 26047126
4247 -1 -1
4248 55224 13
4249 -1 -1
4250 -1 -1
4251 -1 -1
4252 -1 -1
4253 -1 -1
4254 258766566 60829
4255 -1 -1
4256 -1 -1
4257 -1 -1
4258 -1 -1
4259 -1 -1
4260 -1 -1
4261 -1 -1
4262 -1 -1
4263 -1 -1
4264 -1 -1
4265 -1 -1
4266 4662738 1093
4267 -1 -1
4268 -1 -1
4269 -1 -1
4270 -1 -1
4271 -1 -1
4272 -1 -1
4273 -1 -1
4274 -1 -1
4275 -1 -1
4276 -1 -1
4277 -1 -1
4278 1131193925682053793181495183716216913426072299305744852659182 264421207499311312104136321579293341146814469215929138069
4279 665890298724310 155618204890
4280 -1 -1
4281 -1 -1
4282 -1 -1
4283 -1 -1
4284 -1 -1
4285 -1 -1
4286 -1 -1
4287 -1 -1
4288 -1 -1
4289 -1 -1
4290 4846725624604707459950157280632178108103070930 1129772872868230177144558806674167391166217
4291 16185652 3772
4292 -1 -1
4293 -1 -1
4294 4294 1
4295 -1 -1
4296 -1 -1
4297 -1 -1
4298 -1 -1
4299 -1 -1
4300 1459961800 339526
4301 -1 -1
4302 55926 13
4303 -1 -1
4304 -1 -1
4305 -1 -1
4306 -1 -1
4307 -1 -1
4308 -1 -1
4309 -1 -1
4310 -1 -1
4311 -1 -1
4312 -1 -1
4313 -1 -1
4314 -1 -1
4315 -1 -1
4316 -1 -1
4317 -1 -1
4318 -1 -1
4319 -1 -1
4320 4721760 1093
4321 -1 -1
4322 -1 -1
4323 -1 -1
4324 861533399608 199244542
4325 -1 -1
4326 -1 -1
4327 -1 -1
4328 -1 -1
4329 -1 -1
4330 -1 -1
4331 -1 -1
4332 329804954076454958010553384476 76132260867141033705113893
4333 -1 -1
4334 -1 -1
4335 -1 -1
4336 -1 -1
4337 -1 -1
4338 479049940137412927584871074 110431060428172643518873
4339 -1 -1
4340 -1 -1
4341 -1 -1
4342 -1 -1
4343 -1 -1
4344 -1 -1
4345 -1 -1
4346 -1 -1
4347 -1 -1
4348 -1 -1
4349 -1 -1
4350 -1 -1
4351 -1 -1
4352 -1 -1
4353 -1 -1
4354 -1 -1
4355 -1 -1
4356 56628 13
4357 -1 -1
4358 -1 -1
4359 -1 -1
4360 -1 -1
4361 -1 -1
4362 2394229448443611129405710307018 548883413214949823339227489
4363 -1 -1
4364 -1 -1
4365 -1 -1
4366 -1 -1
4367 -1 -1
4368 -1 -1
4369 -1 -1
4370 -1 -1
4371 -1 -1
4372 1853728 424
4373 -1 -1
4374 4780782 1093
4375 -1 -1
4376 -1 -1
4377 -1 -1
4378 14359840 3280
4379 -1 -1
4380 -1 -1
4381 -1 -1
4382 -1 -1
4383 -1 -1
4384 -1 -1
4385 -1 -1
4386 -1 -1
4387 -1 -1
4388 -1 -1
4389 -1 -1
4390 -1 -1
4391 -1 -1
4392 -1 -1
4393 -1 -1
4394 -1 -1
4395 -1 -1
4396 -1 -1
4397 -1 -1
4398 -1 -1
4399 -1 -1
4400 -1 -1
4401 -1 -1
4402 -1 -1
4403 -1 -1
4404 -1 -1
4405 -1 -1
4406 -1 -1
4407 -1 -1
4408 -1 -1
4409 -1 -1
4410 -1 -1
4411 -1 -1
4412 -1 -1
4413 -1 -1
4414 -1 -1
4415 -1 -1
4416 -1 -1
4417 -1 -1
4418 -1 -1
4419 -1 -1
4420 -1 -1
4421 -1 -1
4422 -1 -1
4423 -1 -1
4424 -1 -1
4425 -1 -1
4426 -1 -1
4427 -1 -1
4428 7800960296100980519132122762070824533866178852419990832560646002032763702579501130176869616911819688745500670667320653560241161516064605167839966172 1761734484214313577039774788182209695995072008224930178988402439483460637438911727682219877351359459969625264378347031065998455626934192675663949
4429 -1 -1
4430 -1 -1
4431 -1 -1
4432 -1 -1
4433 -1 -1
4434 1327908685809714 299483239921
4435 157628770 35542
4436 -1 -1
4437 -1 -1
4438 -1 -1
4439 -1 -1
4440 -1 -1
4441 -1 -1
4442 -1 -1
4443 -1 -1
4444 -1 -1
4445 -1 -1
4446 -1 -1
4447 -1 -1
4448 -1 -1
4449 -1 -1
4450 -1 -1
4451 -1 -1
4452 4452 1
4453 -1 -1
4454 -1 -1
4455 -1 -1
4456 -1 -1
4457 -1 -1
4458 -1 -1
4459 178360 40
4460 -1 -1
4461 -1 -1
4462 -1 -1
4463 -1 -1
4464 21412633296119752862120251820114928 4796736849489191949399697988377
4465 -1 -1
4466 -1 -1
4467 -1 -1
4468 -1 -1
4469 -1 -1
4470 -1 -1
4471 -1 -1
4472 -1 -1
4473 -1 -1
4474 -1 -1
4475 -1 -1
4476 -1 -1
4477 -1 -1
4478 -1 -1
4479 -1 -1
4480 -1 -1
4481 -1 -1
4482 1322852627379579642 295147841896381
4483 -1 -1
4484 -1 -1
4485 -1 -1
4486 -1 -1
4487 -1 -1
4488 -1 -1
4489 -1 -1
4490 -1 -1
4491 -1 -1
4492 -1 -1
4493 -1 -1
4494 -1 -1
4495 -1 -1
4496 -1 -1
4497 -1 -1
4498 -1 -1
4499 -1 -1
4500 -1 -1
4501 -1 -1
4502 -1 -1
4503 -1 -1
4504 -1 -1
4505 -1 -1
4506 4506 1
4507 -1 -1
4508 -1 -1
4509 -1 -1
4510 -1 -1
4511 -1 -1
4512 -1 -1
4513 -1 -1
4514 -1 -1
4515 -1 -1
4516 -1 -1
4517 -1 -1
4518 266884374810802947300511596394038 59071353433112648804894111641
4519 -1 -1
4520 -1 -1
4521 -1 -1
4522 -1 -1
4523 -1 -1
4524 -1 -1
4525 -1 -1
4526 -1 -1
4527 -1 -1
4528 -1 -1
4529 -1 -1
4530 -1 -1
4531 -1 -1
4532 -1 -1
4533 -1 -1
4534 -1 -1
4535 -1 -1
4536 1776218896018063144359119944832103793598341806011442207672 391582649033964537998042315880093428923796694446966977
4537 -1 -1
4538 -1 -1
4539 -1 -1
4540 658361916520000 145013638000
4541 -1 -1
4542 144183384594306601494982586038282902 31744470408257728202329939682581
4543 -1 -1
4544 -1 -1
4545 -1 -1
4546 -1 -1
4547 -1 -1
4548 -1 -1
4549 -1 -1
4550 -1 -1
4551 -1 -1
4552 -1 -1
4553 -1 -1
4554 -1 -1
4555 -1 -1
4556 -1 -1
4557 -1 -1
4558 -1 -1
4559 -1 -1
4560 4560 1
4561 1011780887686 221833126
4562 -1 -1
4563 -1 -1
4564 -1 -1
4565 -1 -1
4566 60869900975939491201533205720940945004458376013080468645629361846 13331121545321833377471135725129422909430218136898919983712081
4567 695905891625680 152377029040
4568 -1 -1
4569 -1 -1
4570 -1 -1
4571 -1 -1
4572 -1 -1
4573 -1 -1
4574 -1 -1
4575 -1 -1
4576 -1 -1
4577 -1 -1
4578 -1 -1
4579 -1 -1
4580 -1 -1
4581 -1 -1
4582 -1 -1
4583 -1 -1
4584 -1 -1
4585 -1 -1
4586 -1 -1
4587 -1 -1
4588 -1 -1
4589 -1 -1
4590 -1 -1
4591 -1 -1
4592 -1 -1
4593 -1 -1
4594 15068320 3280
4595 -1 -1
4596 -1 -1
4597 -1 -1
4598 -1 -1
4599 -1 -1
4600 -1 -1
4601 -1 -1
4602 -1 -1
4603 -1 -1
4604 -1 -1
4605 -1 -1
4606 -1 -1
4607 -1 -1
4608 -1 -1
4609 -1 -1
4610 -1 -1
4611 -1 -1
4612 -1 -1
4613 -1 -1
4614 -1 -1
4615 244354191833635 52947820549
4616 -1 -1
4617 -1 -1
4618 -1 -1
4619 -1 -1
4620 -1 -1
4621 -1 -1
4622 -1 -1
4623 -1 -1
4624 -1 -1
4625 -1 -1
4626 11378967485123090898 2459785448578273
4627 -1 -1
4628 -1 -1
4629 -1 -1
4630 -1 -1
4631 -1 -1
4632 -1 -1
4633 -1 -1
4634 -1 -1
4635 -1 -1
4636 -1 -1
4637 -1 -1
4638 449886 97
4639 -1 -1
4640 -1 -1
4641 -1 -1
4642 157382368 33904
4643 -1 -1
4644 -1 -1
4645 -1 -1
4646 -1 -1
4647 -1 -1
4648 11902812208 2560846
4649 -1 -1
4650 381210040980076971622300816609188054267243499050 81980653974210101424150713249287753605858817
4651 -1 -1
4652 -1 -1
4653 -1 -1
4654 -1 -1
4655 -1 -1
4656 -1 -1
4657 -1 -1
4658 -1 -1
4659 -1 -1
4660 -1 -1
4661 -1 -1
4662 10924804718927913366 2343372955582993
4663 -1 -1
4664 -1 -1
4665 -1 -1
4666 -1 -1
4667 -1 -1
4668 -1 -1
4669 -1 -1
4670 -1 -1
4671 -1 -1
4672 -1 -1
4673 -1 -1
4674 -1 -1
4675 187000 40
4676 -1 -1
4677 -1 -1
4678 -1 -1
4679 -1 -1
4680 29866173480 6381661
4681 -1 -1
4682 -1 -1
4683 -1 -1
4684 -1 -1
4685 -1 -1
4686 4686 1
4687 -1 -1
4688 -1 -1
4689 -1 -1
4690 -1 -1
4691 -1 -1
4692 -1 -1
4693 -1 -1
4694 -1 -1
4695 -1 -1
4696 -1 -1
4697 -1 -1
4698 16061445039558913898148314467329549136647991549609451270466 3418783533324587888069032453667422123594719359218699717
4699 -1 -1
4700 -1 -1
4701 -1 -1
4702 1796164 382
4703 -1 -1
4704 -1 -1
4705 -1 -1
4706 -1 -1
4707 -1 -1
4708 -1 -1
4709 -1 -1
4710 -1 -1
4711 -1 -1
4712 -1 -1
4713 -1 -1
4714 -1 -1
4715 -1 -1
4716 1673619096696876 354881063761
4717 -1 -1
4718 -1 -1
4719 -1 -1
4720 179822560 38098
4721 -1 -1
4722 1841557074726492685458973763325326215365307604505792012353612881366189010778 389995145007728226484323118027388016807561966223166457508177230276617749
4723 -1 -1
4724 -1 -1
4725 -1 -1
4726 -1 -1
4727 -1 -1
4728 -1 -1
4729 421926109 89221
4730 -1 -1
4731 -1 -1
4732 -1 -1
4733 -1 -1
4734 21899153836638 4625930257
4735 -1 -1
4736 -1 -1
4737 -1 -1
4738 -1 -1
4739 -1 -1
4740 4740 1
4741 -1 -1
4742 -1 -1
4743 -1 -1
4744 -1 -1
4745 -1 -1
4746 -1 -1
4747 -1 -1
4748 -1 -1
4749 -1 -1
4750 -1 -1
4751 -1 -1
4752 105653155331310781392 22233408108440821
4753 -1 -1
4754 -1 -1
4755 -1 -1
4756 -1 -1
4757 -1 -1
4758 -1 -1
4759 -1 -1
4760 -1 -1
4761 -1 -1
4762 -1 -1
4763 -1 -1
4764 1626002019837948 341310247657
4765 -1 -1
4766 -1 -1
4767 -1 -1
4768 219328 46
4769 -1 -1
4770 -1 -1
4771 -1 -1
4772 -1 -1
4773 -1 -1
4774 -1 -1
4775 -1 -1
4776 -1 -1
4777 -1 -1
4778 -1 -1
4779 -1 -1
4780 -1 -1
4781 -1 -1
4782 -1 -1
4783 1326038920 277240
4784 -1 -1
4785 -1 -1
4786 -1 -1
4787 -1 -1
4788 139411206106630164 29116793255353
4789 -1 -1
4790 -1 -1
4791 -1 -1
4792 -1 -1
4793 -1 -1
4794 4794 1
4795 -1 -1
4796 -1 -1
4797 -1 -1
4798 -1 -1
4799 -1 -1
4800 -1 -1
4801 -1 -1
4802 -1 -1
4803 -1 -1
4804 -1 -1
4805 -1 -1
4806 3443599926 716521
4807 -1 -1
4808 -1 -1
4809 -1 -1
4810 15776800 3280
4811 -1 -1
4812 -1 -1
4813 -1 -1
4814 -1 -1
4815 -1 -1
4816 -1 -1
4817 -1 -1
4818 -1 -1
4819 -1 -1
4820 -1 -1
4821 -1 -1
4822 -1 -1
4823 -1 -1
4824 -1 -1
4825 -1 -1
4826 -1 -1
4827 -1 -1
4828 20210008 4186
4829 -1 -1
4830 -1 -1
4831 -1 -1
4832 -1 -1
4833 -1 -1
4834 -1 -1
4835 -1 -1
4836 18210059057892 3765520897
4837 16736020 3460
4838 -1 -1
4839 -1 -1
4840 -1 -1
4841 -1 -1
4842 -1 -1
4843 -1 -1
4844 -1 -1
4845 -1 -1
4846 -1 -1
4847 -1 -1
4848 -1 -1
4849 -1 -1
4850 -1 -1
4851 -1 -1
4852 -1 -1
4853 -1 -1
4854 -1 -1
4855 -1 -1
4856 -1 -1
4857 -1 -1
4858 -1 -1
4859 -1 -1
4860 142798824954642243555985519813586397240331564729281681441030287655230284414118460 29382474270502519250202781854647406839574396034831621695685244373504173747761
4861 -1 -1
4862 -1 -1
4863 -1 -1
4864 -1 -1
4865 -1 -1
4866 -1 -1
4867 -1 -1
4868 -1 -1
4869 -1 -1
4870 -1 -1
4871 -1 -1
4872 -1 -1
4873 2153866 442
4874 -1 -1
4875 -1 -1
4876 -1 -1
4877 -1 -1
4878 20794673421918 4262950681
4879 -1 -1
4880 -1 -1
4881 -1 -1
4882 16012960 3280
4883 -1 -1
4884 -1 -1
4885 -1 -1
4886 -1 -1
4887 -1 -1
4888 -1 -1
4889 -1 -1
4890 315409890 64501
4891 195640 40
4892 -1 -1
4893 -1 -1
4894 -1 -1
4895 -1 -1
4896 -1 -1
4897 -1 -1
4898 -1 -1
4899 -1 -1
4900 1695694000 346060
4901 -1 -1
4902 -1 -1
4903 -1 -1
4904 -1 -1
4905 -1 -1
4906 -1 -1
4907 -1 -1
4908 -1 -1
4909 1669118908 340012
4910 -1 -1
4911 -1 -1
4912 -1 -1
4913 -1 -1
4914 955711111428174712338 194487405663039217
4915 -1 -1
4916 -1 -1
4917 -1 -1
4918 -1 -1
4919 -1 -1
4920 4920 1
4921 -1 -1
4922 -1 -1
4923 -1 -1
4924 -1 -1
4925 -1 -1
4926 -1 -1
4927 22585294512597739 4583985084757
4928 -1 -1
4929 -1 -1
4930 -1 -1
4931 -1 -1
4932 -1 -1
4933 -1 -1
4934 -1 -1
4935 -1 -1
4936 17611648 3568
4937 -1 -1
4938 -1 -1
4939 -1 -1
4940 -1 -1
4941 -1 -1
4942 -1 -1
4943 -1 -1
4944 -1 -1
4945 -1 -1
4946 -1 -1
4947 -1 -1
4948 -1 -1
4949 -1 -1
4950 3254412150 657457
4951 -1 -1
4952 -1 -1
4953 -1 -1
4954 -1 -1
4955 -1 -1
4956 -1 -1
4957 65060940761613808 13125063700144
4958 -1 -1
4959 -1 -1
4960 -1 -1
4961 -1 -1
4962 1144418597231601882 230636557281661
4963 198520 40
4964 -1 -1
4965 -1 -1
4966 -1 -1
4967 -1 -1
4968 -1 -1
4969 -1 -1
4970 -1 -1
4971 -1 -1
4972 -1 -1
4973 -1 -1
4974 4974 1
4975 -1 -1
4976 -1 -1
4977 -1 -1
4978 -1 -1
4979 -1 -1
4980 -1 -1
4981 19924 4
4982 -1 -1
4983 -1 -1
4984 -1 -1
4985 -1 -1
4986 -1 -1
4987 5547566575200573897908742521671219810 1112405569520869039083365253994630
4988 -1 -1
4989 -1 -1
4990 -1 -1
4991 -1 -1
4992 -1 -1
4993 -1 -1
4994 4360065463118763736699812 873060765542403631698
4995 -1 -1
4996 -1 -1
4997 -1 -1
4998 -1 -1
4999 -1 -1
5000 -1 -1
5001 -1 -1
5002 -1 -1
5003 -1 -1
5004 11510633610041541228 2300286492814057
5005 -1 -1
5006 -1 -1
5007 -1 -1
5008 184214272 36784
5009 -1 -1
5010 -1 -1
5011 -1 -1
5012 -1 -1
5013 -1 -1
5014 -1 -1
5015 -1 -1
5016 -1 -1
5017 1062714887260 211822780
5018 -1 -1
5019 -1 -1
5020 -1 -1
5021 -1 -1
5022 -1 -1
5023 -1 -1
5024 -1 -1
5025 -1 -1
5026 -1 -1
5027 -1 -1
5028 5028 1
5029 -1 -1
5030 -1 -1
5031 -1 -1
5032 -1 -1
5033 -1 -1
5034 -1 -1
5035 -1 -1
5036 -1 -1
5037 -1 -1
5038 19003336 3772
5039 -1 -1
5040 255587033520 50711713
5041 -1 -1
5042 -1 -1
5043 -1 -1
5044 201760 40
5045 -1 -1
5046 -1 -1
5047 -1 -1
5048 -1 -1
5049 -1 -1
5050 -1 -1
5051 -1 -1
5052 9708212087138268081036400062054337664988 1921657182727289802263737146091515769
5053 -1 -1
5054 -1 -1
5055 -1 -1
5056 -1 -1
5057 -1 -1
5058 193473953720998729919126487689106474 38251078236654553167087087324853
5059 -1 -1
5060 -1 -1
5061 -1 -1
5062 20248 4
5063 -1 -1
5064 -1 -1
5065 -1 -1
5066 -1 -1
5067 -1 -1
5068 -1 -1
5069 -1 -1
5070 -1 -1
5071 5382486175 1061425
5072 -1 -1
5073 -1 -1
5074 -1 -1
5075 -1 -1
5076 -1 -1
5077 -1 -1
5078 -1 -1
5079 -1 -1
5080 19161760 3772
5081 -1 -1
5082 -1 -1
5083 -1 -1
5084 -1 -1
5085 -1 -1
5086 -1 -1
5087 -1 -1
5088 -1 -1
5089 1727847814 339526
5090 -1 -1
5091 -1 -1
5092 -1 -1
5093 -1 -1
5094 -1 -1
5095 -1 -1
5096 -1 -1
5097 -1 -1
5098 16721440 3280
5099 -1 -1
5100 -1 -1
5101 -1 -1
5102 -1 -1
5103 -1 -1
5104 -1 -1
5105 -1 -1
5106 -1 -1
5107 -1 -1
5108 -1 -1
5109 -1 -1
5110 -1 -1
5111 -1 -1
5112 495864 97
5113 -1 -1
5114 -1 -1
5115 -1 -1
5116 11757475793272 2298177442
5117 -1 -1
5118 -1 -1
5119 235474 46
5120 15679628021760 3062427348
5121 -1 -1
5122 -1 -1
5123 -1 -1
5124 -1 -1
5125 -1 -1
5126 -1 -1
5127 -1 -1
5128 -1 -1
5129 -1 -1
5130 201591185218290 39296527333
5131 -1 -1
5132 -1 -1
5133 -1 -1
5134 1418359912 276268
5135 -1 -1
5136 -1 -1
5137 -1 -1
5138 -1 -1
5139 -1 -1
5140 -1 -1
5141 -1 -1
5142 -1 -1
5143 105911341900 20593300
5144 -1 -1
5145 -1 -1
5146 -1 -1
5147 118211077936106860176534327 22966986193142968753941
5148 -1 -1
5149 -1 -1
5150 -1 -1
5151 -1 -1
5152 47113734292560420352 9144746562996976
5153 -1 -1
5154 -1 -1
5155 -1 -1
5156 -1 -1
5157 -1 -1
5158 -1 -1
5159 -1 -1
5160 -1 -1
5161 237406 46
5162 -1 -1
5163 -1 -1
5164 -1 -1
5165 -1 -1
5166 -1 -1
5167 -1 -1
5168 -1 -1
5169 -1 -1
5170 2378200 460
5171 -1 -1
5172 -1 -1
5173 -1 -1
5174 -1 -1
5175 -1 -1
5176 -1 -1
5177 -1 -1
5178 5178 1
5179 207160 40
5180 -1 -1
5181 -1 -1
5182 -1 -1
5183 -1 -1
5184 22708813423680 4380558145
5185 -1 -1
5186 -1 -1
5187 -1 -1
5188 -1 -1
5189 -1 -1
5190 -1 -1
5191 -1 -1
5192 -1 -1
5193 -1 -1
5194 -1 -1
5195 -1 -1
5196 -1 -1
5197 20788 4
5198 -1 -1
5199 -1 -1
5200 -1 -1
5201 -1 -1
5202 1225690933541721498 235619172153349
5203 -1 -1
5204 -1 -1
5205 -1 -1
5206 88651936433788 17028800698
5207 -1 -1
5208 -1 -1
5209 -1 -1
5210 -1 -1
5211 -1 -1
5212 -1 -1
5213 -1 -1
5214 2065729764054 396189061
5215 -1 -1
5216 -1 -1
5217 -1 -1
5218 -1 -1
5219 -1 -1
5220 506340 97
5221 -1 -1
5222 -1 -1
5223 -1 -1
5224 16194400 3100
5225 -1 -1
5226 -1 -1
5227 -1 -1
5228 -1 -1
5229 -1 -1
5230 -1 -1
5231 3760468013934303 718881287313
5232 5232 1
5233 -1 -1
5234 -1 -1
5235 -1 -1
5236 -1 -1
5237 -1 -1
5238 -1 -1
5239 -1 -1
5240 -1 -1
5241 -1 -1
5242 241132 46
5243 -1 -1
5244 -1 -1
5245 -1 -1
5246 -1 -1
5247 -1 -1
5248 -1 -1
5249 -1 -1
5250 338630250 64501
5251 -1 -1
5252 -1 -1
5253 -1 -1
5254 -1 -1
5255 -1 -1
5256 483929904515351282826561864 92071899641429087295769
5257 -1 -1
5258 1255225021935720 238726706340
5259 -1 -1
5260 -1 -1
5261 -1 -1
5262 -1 -1
5263 -1 -1
5264 142629908703072 27095347398
5265 -1 -1
5266 -1 -1
5267 473215714141140550715211979686713577780309192 89845398545878213540006071708128645866776
5268 -1 -1
5269 353932448407433646064996 67172603607408169684
5270 -1 -1
5271 -1 -1
5272 -1 -1
5273 -1 -1
5274 40383018 7657
5275 -1 -1
5276 -1 -1
5277 -1 -1
5278 -1 -1
5279 64815757323 12278037
5280 -1 -1
5281 -1 -1
5282 -1 -1
5283 -1 -1
5284 -1 -1
5285 -1 -1
5286 5286 1
5287 -1 -1
5288 201792618240 38160480
5289 -1 -1
5290 -1 -1
5291 -1 -1
5292 16381269728351388 3095478028789
5293 -1 -1
5294 -1 -1
5295 -1 -1
5296 1570009792 296452
5297 5381884790493 1016025069
5298 -1 -1
5299 -1 -1
5300 -1 -1
5301 -1 -1
5302 -1 -1
5303 -1 -1
5304 -1 -1
5305 -1 -1
5306 -1 -1
5307 -1 -1
5308 -1 -1
5309 -1 -1
5310 -1 -1
5311 -1 -1
5312 -1 -1
5313 -1 -1
5314 17429920 3280
5315 -1 -1
5316 -1 -1
5317 -1 -1
5318 4481653945672783028875092 842732972108458636494
5319 -1 -1
5320 -1 -1
5321 3224526 606
5322 -1 -1
5323 -1 -1
5324 -1 -1
5325 -1 -1
5326 -1 -1
5327 -1 -1
5328 343106591332009818030332324893561517720970681431458941658902539384734346628710824295019573648 64396882757509350230918229146689474046728731499898450011055281416053743736619899454770941
5329 -1 -1
5330 29421600 5520
5331 -1 -1
5332 21328 4
5333 41855450120923162591554342 7848387421886960920974
5334 -1 -1
5335 -1 -1
5336 -1 -1
5337 -1 -1
5338 1251771676 234502
5339 263575752 49368
5340 -1 -1
5341 -1 -1
5342 -1 -1
5343 -1 -1
5344 -1 -1
5345 -1 -1
5346 -1 -1
5347 -1 -1
5348 -1 -1
5349 -1 -1
5350 -1 -1
5351 -1 -1
5352 -1 -1
5353 -1 -1
5354 -1 -1
5355 -1 -1
5356 -1 -1
5357 -1 -1
5358 -1 -1
5359 -1 -1
5360 -1 -1
5361 -1 -1
5362 -1 -1
5363 -1 -1
5364 4172267340555053745941738560276132292798493532892675960825887354013988 777827617553142010801964683123812880834916766012803124687898462717
5365 -1 -1
5366 2373811080 442380
5367 -1 -1
5368 -1 -1
5369 -1 -1
5370 -1 -1
5371 -1 -1
5372 76438426630454254392 14229044421156786
5373 -1 -1
5374 -1 -1
5375 430395630556875 80073605685
5376 -1 -1
5377 -1 -1
5378 -1 -1
5379 -1 -1
5380 -1 -1
5381 -1 -1
5382 41209974 7657
5383 -1 -1
5384 260273328 48342
5385 -1 -1
5386 17666080 3280
5387 16343273757817401793917849656770308 3033835856286876145149034649484
5388 -1 -1
5389 -1 -1
5390 -1 -1
5391 -1 -1
5392 -1 -1
5393 -1 -1
5394 -1 -1
5395 215800 40
5396 -1 -1
5397 -1 -1
5398 -1 -1
5399 -1 -1
5400 273843250200 50711713
5401 -1 -1
5402 -1 -1
5403 -1 -1
5404 -1 -1
5405 -1 -1
5406 -1 -1
5407 -1 -1
5408 -1 -1
5409 -1 -1
5410 -1 -1
5411 357126 66
5412 5412 1
5413 21652 4
5414 42202134545933253252944760 7795000839662588336340
5415 -1 -1
5416 -1 -1
5417 -1 -1
5418 -1 -1
5419 -1 -1
5420 -1 -1
5421 -1 -1
5422 25558948112429949019462960 4713933624572104208680
5423 1835661790644 338495628
5424 -1 -1
5425 -1 -1
5426 -1 -1
5427 -1 -1
5428 -1 -1
5429 -1 -1
5430 -1 -1
5431 204857320 37720
5432 6479119748880645609120 1192768731384507660
5433 -1 -1
5434 -1 -1
5435 -1 -1
5436 -1 -1
5437 69087500541286 12706915678
5438 258399421541662598711508412428 47517363284601434113922106
5439 -1 -1
5440 1038605148160 190920064
5441 -1 -1
5442 -1 -1
5443 -1 -1
5444 -1 -1
5445 -1 -1
5446 -1 -1
5447 -1 -1
5448 -1 -1
5449 -1 -1
5450 -1 -1
5451 -1 -1
5452 -1 -1
5453 -1 -1
5454 30893490342 5664373
5455 -1 -1
5456 2410779233429968064203434548544 441858363898454557222037124
5457 -1 -1
5458 -1 -1
5459 109488461543843784 20056505137176
5460 -1 -1
5461 -1 -1
5462 -1 -1
5463 -1 -1
5464 -1 -1
5465 3311790 606
5466 5466 1
5467 1989988 364
5468 201743576952 36895314
5469 -1 -1
5470 -1 -1
5471 -1 -1
5472 602735852807836617020716383640395126491509987370939324029247633387159374647321259310365448519002948244866272 110149095907864878841505187068785659081050801785624876467333266335372692735256078090344562960344106038901
5473 52342116571586842 9563697528154
5474 -1 -1
5475 -1 -1
5476 167060177474516374362851149792 30507702241511390497233592
5477 204338479236 37308468
5478 -1 -1
5479 -1 -1
5480 -1 -1
5481 -1 -1
5482 -1 -1
5483 2449848264 446808
5484 -1 -1
5485 8932154203986340 1628469317044
5486 278930184 50844
5487 -1 -1
5488 -1 -1
5489 -1 -1
5490 -1 -1
5491 -1 -1
5492 -1 -1
5493 -1 -1
5494 1900924 346
5495 989649049738743870 180099918059826
5496 -1 -1
5497 -1 -1
5498 -1 -1
5499 -1 -1
5500 187000 34
5501 12373846897952652 2249381366652
5502 -1 -1
5503 -1 -1
5504 3236352 588
5505 -1 -1
5506 -1 -1
5507 -1 -1
5508 279320115204 50711713
5509 -1 -1
5510 363660 66
5511 -1 -1
5512 2535520 460
5513 326244264289485945 59177265425265
5514 -1 -1
5515 -1 -1
5516 -1 -1
5517 -1 -1
5518 -1 -1
5519 -1 -1
5520 5520 1
5521 2288405347337545 414491097145
5522 1726290809628 312620574
5523 -1 -1
5524 -1 -1
5525 -1 -1
5526 -1 -1
5527 -1 -1
5528 -1 -1
5529 -1 -1
5530 -1 -1
5531 -1 -1
5532 -1 -1
5533 -1 -1
5534 -1 -1
5535 -1 -1
5536 -1 -1
5537 -1 -1
5538 -1 -1
5539 1759995094 317746
5540 -1 -1
5541 -1 -1
5542 -1 -1
5543 1802706920664 325222248
5544 2368471768075708902835235633137296804655768376905877832 427213522380178373527279154606294517434301655286053
5545 -1 -1
5546 -1 -1
5547 -1 -1
5548 221920 40
5549 265752708 47892
5550 -1 -1
5551 -1 -1
5552 -1 -1
5553 -1 -1
5554 -1 -1
5555 -1 -1
5556 -1 -1
5557 192305542 34606
5558 31380468 5646
5559 -1 -1
5560 -1 -1
5561 -1 -1
5562 -1 -1
5563 -1 -1
5564 -1 -1
5565 -1 -1
5566 22264 4
5567 261804876 47028
5568 -1 -1
5569 -1 -1
5570 2469470640 443352
5571 -1 -1
5572 26639525816297128151872 4780962996463949776
5573 1397835665395818 250822836066
5574 -1 -1
5575 -1 -1
5576 3278688 588
5577 -1 -1
5578 -1 -1
5579 -1 -1
5580 -1 -1
5581 -1 -1
5582 8206963548700005425257336083311527186635351298375438343489424 1470255024847725801730085289020338084313033195696065629432
5583 -1 -1
5584 -1 -1
5585 -1 -1
5586 -1 -1
5587 -1 -1
5588 -1 -1
5589 -1 -1
5590 -1 -1
5591 287287944 51384
5592 -1 -1
5593 -1 -1
5594 74036694255239246424 13235018636975196
5595 -1 -1
5596 -1 -1
5597 1816659293622 324577326
5598 2319537246315795131573083492396710 414351062221471084596835207645
5599 2818340349451 503364949
5600 -1 -1
5601 -1 -1
5602 18374560 3280
5603 137726659568472 24580878024
5604 -1 -1
5605 -1 -1
5606 -1 -1
5607 -1 -1
5608 -1 -1
5609 370194 66
5610 -1 -1
5611 -1 -1
5612 1352840866612800 241062164400
5613 -1 -1
5614 -1 -1
5615 -1 -1
5616 -1 -1
5617 -1 -1
5618 2589448560 460920
5619 -1 -1
5620 -1 -1
5621 -1 -1
5622 -1 -1
5623 -1 -1
5624 276734544 49206
5625 -1 -1
5626 -1 -1
5627 23690457780 4210140
5628 -1 -1
5629 -1 -1
5630 15096516968664210156431504543356560 2681441735109095942527798320312
5631 -1 -1
5632 -1 -1
5633 -1 -1
5634 -1 -1
5635 -1 -1
5636 6124194699101702159748224411838111121658544 1086620776987526997826157631624931001004
5637 -1 -1
5638 -1 -1
5639 -1 -1
5640 -1 -1
5641 -1 -1
5642 -1 -1
5643 -1 -1
5644 -1 -1
5645 -1 -1
5646 5646 1
5647 -1 -1
5648 144186131205600 25528705950
5649 -1 -1
5650 -1 -1
5651 -1 -1
5652 -1 -1
5653 -1 -1
5654 294494244 52086
5655 -1 -1
5656 -1 -1
5657 -1 -1
5658 -1 -1
5659 -1 -1
5660 -1 -1
5661 -1 -1
5662 -1 -1
5663 -1 -1
5664 -1 -1
5665 -1 -1
5666 679392563106660579960 119906911949640060
5667 -1 -1
5668 -1 -1
5669 -1 -1
5670 1342788695102381310 236823403016293
5671 -1 -1
5672 -1 -1
5673 -1 -1
5674 -1 -1
5675 -1 -1
5676 -1 -1
5677 -1 -1
5678 1868956886868 329157606
5679 -1 -1
5680 -1 -1
5681 -1 -1
5682 -1 -1
5683 -1 -1
5684 -1 -1
5685 -1 -1
5686 -1 -1
5687 2484183966 436818
5688 -1 -1
5689 -1 -1
5690 -1 -1
5691 -1 -1
5692 -1 -1
5693 21336178226266015059590838744234 3747791713730197621568740338
5694 -1 -1
5695 -1 -1
5696 -1 -1
5697 -1 -1
5698 -1 -1
5699 -1 -1
5700 5700 1
5701 22804 4
5702 -1 -1
5703 -1 -1
5704 -1 -1
5705 -1 -1
5706 271166517594 47523049
5707 -1 -1
5708 -1 -1
5709 -1 -1
5710 -1 -1
5711 -1 -1
5712 -1 -1
5713 -1 -1
5714 -1 -1
5715 -1 -1
5716 -1 -1
5717 17118283905362659723098162415384038 2994277401672670932849075112014
5718 -1 -1
5719 -1 -1
5720 -1 -1
5721 -1 -1
5722 -1 -1
5723 149487500435658 26120478846
5724 11392530678101652539230857129824676707658590283274288440742524 1990309342785054601542777276349524232644757212312069958201
5725 -1 -1
5726 -1 -1
5727 -1 -1
5728 -1 -1
5729 7097054048995510688099623886553 1238794562575582246133640057
5730 -1 -1
5731 -1 -1
5732 -1 -1
5733 -1 -1
5734 -1 -1
5735 -1 -1
5736 -1 -1
5737 -1 -1
5738 1777368979896 309754092
5739 -1 -1
5740 -1 -1
5741 378906 66
5742 -1 -1
5743 -1 -1
5744 -1 -1
5745 -1 -1
5746 534356286561821006140 92996221121096590
5747 -1 -1
5748 -1 -1
5749 -1 -1
5750 -1 -1
5751 -1 -1
5752 -1 -1
5753 1974881613210 343278570
5754 5754 1
5755 -1 -1
5756 1004548916918477328 174522049499388
5757 -1 -1
5758 -1 -1
5759 2144558263321376503575 372383792901784425
5760 -1 -1
5761 -1 -1
5762 -1 -1
5763 -1 -1
5764 -1 -1
5765 -1 -1
5766 -1 -1
5767 -1 -1
5768 -1 -1
5769 -1 -1
5770 -1 -1
5771 -1 -1
5772 -1 -1
5773 55149826290194801560 9553061889865720
5774 -1 -1
5775 -1 -1
5776 -1 -1
5777 -1 -1
5778 22413469943826 3879105217
5779 -1 -1
5780 9439006633054409400 1633046130286230
5781 -1 -1
5782 23128 4
5783 3028544469039251211 523697815846317
5784 -1 -1
5785 -1 -1
5786 -1 -1
5787 -1 -1
5788 -1 -1
5789 -1 -1
5790 -1 -1
5791 167846344 28984
5792 -1 -1
5793 -1 -1
5794 -1 -1
5795 175579631792103700662315 30298469679396669657
5796 -1 -1
5797 -1 -1
5798 -1 -1
5799 -1 -1
5800 6657009284105395600 1147760221397482
5801 -1 -1
5802 -1 -1
5803 -1 -1
5804 -1 -1
5805 -1 -1
5806 -1 -1
5807 2510470626 432318
5808 -1 -1
5809 -1 -1
5810 -1 -1
5811 -1 -1
5812 -1 -1
5813 -1 -1
5814 11346315900097156358986637036877488336406 1951550722410931606292851227533107729
5815 -1 -1
5816 3419808 588
5817 -1 -1
5818 19083040 3280
5819 989721775652418298274845966976550976584 170084512055751554953573804257870936
5820 -1 -1
5821 -1 -1
5822 3528132 606
5823 -1 -1
5824 -1 -1
5825 2455656900 421572
5826 -1 -1
5827 418843274656911 71879745093
5828 6175462539564636545472 1059619516054330224
5829 -1 -1
5830 -1 -1
5831 -1 -1
5832 58087740971719351048826088 9960175063737885982309
5833 -1 -1
5834 -1 -1
5835 -1 -1
5836 28713120 4920
5837 -1 -1
5838 -1 -1
5839 -1 -1
5840 385440 66
5841 -1 -1
5842 19161760 3280
5843 3974321722308603 680185131321
5844 -1 -1
5845 -1 -1
5846 -1 -1
5847 -1 -1
5848 -1 -1
5849 456594312088077 78063653973
5850 177315070265265040480270851324516749561074601864371910896373075290265412624450 30310268421412827432524931850344743514713607156302890751516765006882976517
5851 -1 -1
5852 -1 -1
5853 -1 -1
5854 2349725352 401388
5855 3906815740386495 667261441569
5856 -1 -1
5857 -1 -1
5858 -1 -1
5859 -1 -1
5860 -1 -1
5861 212170390308335195472338392225884 36200373708980582745664288044
5862 -1 -1
5863 161279404 27508
5864 -1 -1
5865 -1 -1
5866 -1 -1
5867 -1 -1
5868 101105029548617018953850976626251670533947764933364050213850492 17229895969430303161869627918584129266180600704390601604269
5869 475438036769699848 81008355217192
5870 -1 -1
5871 -1 -1
5872 1121784648640 191039620
5873 -1 -1
5874 -1 -1
5875 -1 -1
5876 -1 -1
5877 -1 -1
5878 -1 -1
5879 56520715381964528715186 9614001595843600734
5880 -1 -1
5881 63872582397 10860837
5882 -1 -1
5883 -1 -1
5884 -1 -1
5885 -1 -1
5886 -1 -1
5887 -1 -1
5888 3462144 588
5889 -1 -1
5890 -1 -1
5891 -1 -1
5892 -1 -1
5893 -1 -1
5894 -1 -1
5895 -1 -1
5896 3490408387178433818944 591995995111674664
5897 278279430 47190
5898 -1 -1
5899 607041510844605345193207213327 102905833335244167688287373
5900 -1 -1
5901 -1 -1
5902 -1 -1
5903 -1 -1
5904 5904 1
5905 184011610 31162
5906 61218683028540867490008 10365506777605971468
5907 -1 -1
5908 271768 46
5909 31979508 5412
5910 -1 -1
5911 -1 -1
5912 -1 -1
5913 -1 -1
5914 -1 -1
5915 319953172635378555 54091829693217
5916 -1 -1
5917 23668 4
5918 292159824 49368
5919 -1 -1
5920 -1 -1
5921 -1 -1
5922 102263519475271468314 17268409232568637
5923 236920 40
5924 30994368 5232
5925 -1 -1
5926 -1 -1
5927 -1 -1
5928 -1 -1
5929 34115466 5754
5930 -1 -1
5931 -1 -1
5932 -1 -1
5933 -1 -1
5934 -1 -1
5935 6577260585865365127487860694129730703690 1108215768469311731674449990586306774
5936 16997506632960 2863461360
5937 -1 -1
5938 -1 -1
5939 391974 66
5940 -1 -1
5941 -1 -1
5942 -1 -1
5943 -1 -1
5944 144042753911712 24233303148
5945 1917652551450 322565610
5946 -1 -1
5947 220619736444 37097652
5948 -1 -1
5949 -1 -1
5950 1808800 304
5951 2502990600 420600
5952 -1 -1
5953 -1 -1
5954 1019882994066576808887165963724142419056 171293751102884919195022835694347064
5955 -1 -1
5956 -1 -1
5957 -1 -1
5958 5958 1
5959 -1 -1
5960 80825404657585369200 13561309506306270
5961 -1 -1
5962 -1 -1
5963 23298526266 3907182
5964 -1 -1
5965 -1 -1
5966 -1 -1
5967 -1 -1
5968 1599424 268
5969 2439372258140404659083822517342 408673522891674427723877118
5970 -1 -1
5971 29290330715634983827924895580 4905431370898506753964980
5972 -1 -1
5973 -1 -1
5974 -1 -1
5975 -1 -1
5976 -1 -1
5977 10757181932842 1799762746
5978 201286154458632721489130653166472 33671153305224610486639453524
5979 -1 -1
5980 2535520 424
5981 297530826 49746
5982 -1 -1
5983 11194303757236170 1871018511990
5984 -1 -1
5985 -1 -1
5986 2286652 382
5987 -1 -1
5988 -1 -1
5989 -1 -1
5990 395340 66
5991 -1 -1
5992 -1 -1
5993 -1 -1
5994 258820824582605829687554652717190193293163243811517802867575127576128823667428726169455186989386404157600278256002442 43179984081182153768360802922454153035229103071657958436365553482837641586157611973549413912143210570170216592593
5995 -1 -1
5996 -1 -1
5997 -1 -1
5998 -1 -1
5999 -1 -1
6000 -1 -1
6001 -1 -1
6002 -1 -1
6003 -1 -1
6004 -1 -1
6005 -1 -1
6006 -1 -1
6007 -1 -1
6008 -1 -1
6009 -1 -1
6010 -1 -1
6011 -1 -1
6012 6012 1
6013 -1 -1
6014 -1 -1
6015 -1 -1
6016 -1 -1
6017 614846127612117776673769394610929145211141296860152833 102184830914428747992981451655464375138963153874049
6018 -1 -1
6019 -1 -1
6020 210046830000 34891500
6021 -1 -1
6022 -1 -1
6023 -1 -1
6024 -1 -1
6025 -1 -1
6026 -1 -1
6027 -1 -1
6028 3761472 624
6029 -1 -1
6030 40643766661478437116319557150 6740259811190453916470905
6031 205054 34
6032 -1 -1
6033 -1 -1
6034 362040 60
6035 292721640 48504
6036 -1 -1
6037 -1 -1
6038 -1 -1
6039 -1 -1
6040 -1 -1
6041 -1 -1
6042 -1 -1
6043 -1 -1
6044 43316386301495071965412480607718163825779224694623586192911622142440 7166840883768211774555340934433845768659699651658435836021115510
6045 -1 -1
6046 3192288 528
6047 289602924 47892
6048 -1 -1
6049 -1 -1
6050 208720426200 34499244
6051 -1 -1
6052 -1 -1
6053 -1 -1
6054 -1 -1
6055 -1 -1
6056 -1 -1
6057 -1 -1
6058 19870240 3280
6059 -1 -1
6060 -1 -1
6061 363660 60
6062 32253407629049576139460108728 5320588523432790521191044
6063 -1 -1
6064 -1 -1
6065 -1 -1
6066 -1 -1
6067 -1 -1
6068 -1 -1
6069 -1 -1
6070 24280 4
6071 299713128 49368
6072 -1 -1
6073 163914564971352 26990707224
6074 -1 -1
6075 -1 -1
6076 -1 -1
6077 8958250871324518596 1474123888649748
6078 -1 -1
6079 7161795211192936 1178120613784
6080 -1 -1
6081 -1 -1
6082 -1 -1
6083 -1 -1
6084 3095392864539544006787819018678190512048088034078411287740651577537102756 508775947491706772976301613852431050632493102248259580496491054822009
6085 1380284890 226834
6086 -1 -1
6087 -1 -1
6088 22963936 3772
6089 401874 66
6090 -1 -1
6091 77507615631 12724941
6092 -1 -1
6093 -1 -1
6094 -1 -1
6095 2933389621046329395 481278034626141
6096 -1 -1
6097 15835436176560 2597250480
6098 3695388 606
6099 -1 -1
6100 167094102770400 27392475864
6101 -1 -1
6102 -1 -1
6103 -1 -1
6104 151975127806656 24897629064
6105 -1 -1
6106 -1 -1
6107 51887093245683817174721094285756627 8496330971947571176473079136361
6108 -1 -1
6109 2467913820 403980
6110 133839937444093920 21905063411472
6111 -1 -1
6112 2701504 442
6113 -1 -1
6114 -1 -1
6115 24772757790 4051146
6116 -1 -1
6117 -1 -1
6118 -1 -1
6119 403492075065003735 65940852274065
6120 -1 -1
6121 -1 -1
6122 -1 -1
6123 -1 -1
6124 30130080 4920
6125 294789370763921768073771636750 48128876859415798869187206
6126 -1 -1
6127 102744827762343162 16769190103206
6128 -1 -1
6129 -1 -1
6130 172927300 28210
6131 -1 -1
6132 -1 -1
6133 -1 -1
6134 -1 -1
6135 -1 -1
6136 6256539717626842526688 1019644673667999108
6137 -1 -1
6138 6138 1
6139 245560 40
6140 -1 -1
6141 -1 -1
6142 -1 -1
6143 -1 -1
6144 -1 -1
6145 224477962621946976699028478969580 36530181061342062929052641004
6146 38387916 6246
6147 -1 -1
6148 -1 -1
6149 -1 -1
6150 -1 -1
6151 24604 4
6152 254687816880 41399190
6153 -1 -1
6154 -1 -1
6155 -1 -1
6156 -1 -1
6157 -1 -1
6158 -1 -1
6159 -1 -1
6160 -1 -1
6161 -1 -1
6162 -1 -1
6163 281587470 45690
6164 -1 -1
6165 -1 -1
6166 26143840 4240
6167 6790998354651 1101183453
6168 -1 -1
6169 283774 46
6170 -1 -1
6171 -1 -1
6172 30366240 4920
6173 60377630495681157294282 9780921836332602834
6174 -1 -1
6175 -1 -1
6176 -1 -1
6177 -1 -1
6178 370680 60
6179 -1 -1
6180 -1 -1
6181 -1 -1
6182 5798742585530422070932092 938004300474024922506
6183 -1 -1
6184 -1 -1
6185 9301009185 1503801
6186 -1 -1
6187 6810903267 1100841
6188 408408 66
6189 -1 -1
6190 205119688920 33137268
6191 -1 -1
6192 6192 1
6193 -1 -1
6194 -1 -1
6195 -1 -1
6196 -1 -1
6197 -1 -1
6198 -1 -1
6199 30499080 4920
6200 -1 -1
6201 -1 -1
6202 -1 -1
6203 -1 -1
6204 -1 -1
6205 372300 60
6206 -1 -1
6207 834798051 134493
6208 -1 -1
6209 -1 -1
6210 351299815729753697816952756923394930908346162792406495819756354072448687391041522755681433850 56570018636031191274871619472366333479604857132432608022505048964967582510634705757758685
6211 2149006 346
6212 -1 -1
6213 -1 -1
6214 34301280 5520
6215 -1 -1
6216 -1 -1
6217 260778282 41946
6218 -1 -1
6219 -1 -1
6220 234618400 37720
6221 4255164 684
6222 -1 -1
6223 -1 -1
6224 -1 -1
6225 -1 -1
6226 11988468146047272 1925549011572
6227 -1 -1
6228 -1 -1
6229 -1 -1
6230 184486958284860 29612673882
6231 -1 -1
6232 33727584 5412
6233 -1 -1
6234 -1 -1
6235 -1 -1
6236 -1 -1
6237 -1 -1
6238 -1 -1
6239 -1 -1
6240 -1 -1
6241 -1 -1
6242 38987532 6246
6243 -1 -1
6244 3296832 528
6245 -1 -1
6246 6246 1
6247 129531393547732 20734975756
6248 38687616 6192
6249 -1 -1
6250 287500 46
6251 563123250087615 90085306365
6252 -1 -1
6253 375180 60
6254 -1 -1
6255 -1 -1
6256 -1 -1
6257 3651749694220338492615556902740613071205 583626289630867587120913681115648565
6258 -1 -1
6259 -1 -1
6260 345702240 55224
6261 -1 -1
6262 -1 -1
6263 9310750414844509020484783712367 1486627880383922883679512009
6264 20146556316957187097376073478927886163506626818257959956935638747870257059911710355187992526766828542239038000744768154261809782709960556599871120237563690907256 3216244622758171631126448511961667650623663285162509571669163273925647678785394373433587568130081184904060983516086870092881510649738275319264227368704292929
6265 3937182865 628441
6266 4285944 684
6267 -1 -1
6268 2082918628704 332309928
6269 -1 -1
6270 -1 -1
6271 -1 -1
6272 15032764690610688 2396805594804
6273 -1 -1
6274 250960 40
6275 -1 -1
6276 -1 -1
6277 -1 -1
6278 69150867087883470405176071062681952853140119570449769131113160724 11014792463823426314937252478923535019614545965347207571059758
6279 -1 -1
6280 376800 60
6281 345599917010835729 55023072283209
6282 -1 -1
6283 -1 -1
6284 8137822521414334715928 1295006766615903042
6285 -1 -1
6286 25144 4
6287 880363642334780156724 140029209851245452
6288 -1 -1
6289 -1 -1
6290 893367691074794144700 142029839598536430
6291 -1 -1
6292 -1 -1
6293 -1 -1
6294 -1 -1
6295 -1 -1
6296 -1 -1
6297 -1 -1
6298 -1 -1
6299 3703812 588
6300 -1 -1
6301 2898460 460
6302 900676263060709234740 142919115052476870
6303 824110947 130749
6304 311215872 49368
6305 5757609974038401870326520 913181597785630748664
6306 -1 -1
6307 281695848 44664
6308 -1 -1
6309 -1 -1
6310 -1 -1
6311 567599526243459 89938128069
6312 -1 -1
6313 416658 66
6314 28100116044 4450446
6315 -1 -1
6316 31074720 4920
6317 28075050471223435595750234446896 4444364488083494632855823088
6318 -1 -1
6319 54577285147 8637013
6320 -1 -1
6321 -1 -1
6322 3944928 624
6323 97765547676146841240 15461892721199880
6324 -1 -1
6325 -1 -1
6326 84994745876381130576 13435780252352376
6327 -1 -1
6328 12384541456 1957102
6329 20654580932370 3263482530
6330 -1 -1
6331 34263372 5412
6332 -1 -1
6333 -1 -1
6334 -1 -1
6335 298948650 47190
6336 -1 -1
6337 -1 -1
6338 -1 -1
6339 -1 -1
6340 2262063701880 356792382
6341 -1 -1
6342 -1 -1
6343 31207560 4920
6344 -1 -1
6345 -1 -1
6346 20814880 3280
6347 481746805356135813438379644 75901497614012259876852
6348 -1 -1
6349 -1 -1
6350 -1 -1
6351 -1 -1
6352 -1 -1
6353 82932893364569584578 13054130861729826
6354 -1 -1
6355 254200 40
6356 -1 -1
6357 -1 -1
6358 3852948 606
6359 -1 -1
6360 -1 -1
6361 416977824655478601 65552244089841
6362 44877209306602979733450180 7053946763062398574890
6363 -1 -1
6364 -1 -1
6365 8005374779461289654040 1257717954353698296
6366 -1 -1
6367 14114692040648772 2216851270716
6368 138255605789062464 21710993371398
6369 -1 -1
6370 382200 60
6371 187971629616558 29504258298
6372 6372 1
6373 -1 -1
6374 37918717458385685193017498810240558050706117784000 5948967282457747912302713964581198313571716000
6375 -1 -1
6376 -1 -1
6377 73338860043151611001884 11500526900290357692
6378 -1 -1
6379 8152266315 1277985
6380 -1 -1
6381 -1 -1
6382 1940128 304
6383 297851618205339906123 46663264641287781
6384 -1 -1
6385 -1 -1
6386 190230162340824 29788625484
6387 -1 -1
6388 -1 -1
6389 -1 -1
6390 -1 -1
6391 5382446700939 842191629
6392 -1 -1
6393 -1 -1
6394 91517353529961070812 14313004931179398
6395 -1 -1
6396 -1 -1
6397 383820 60
6398 -1 -1
6399 -1 -1
6400 -1 -1
6401 -1 -1
6402 -1 -1
6403 -1 -1
6404 -1 -1
6405 -1 -1
6406 3240500724 505854
6407 -1 -1
6408 -1 -1
6409 557973949 87061
6410 -1 -1
6411 -1 -1
6412 423192 66
6413 3205255878 499806
6414 -1 -1
6415 495675867178997194033770 77268256769913826038
6416 693219910162536753838560 108045497219846750910
6417 -1 -1
6418 272675148 42486
6419 -1 -1
6420 -1 -1
6421 25684 4
6422 39765024 6192
6423 -1 -1
6424 385440 60
6425 4266125957432625 663988475865
6426 6426 1
6427 257080 40
6428 257659733448 40083966
6429 -1 -1
6430 5232560327235899816718900 813772990238864668230
6431 20465035292158066559616832959637900729780965858896705994 3182247751851666390859404907423091390107442988477174
6432 -1 -1
6433 -1 -1
6434 76968746155851003355572 11962814136750233658
6435 -1 -1
6436 25435072 3952
6437 -1 -1
6438 -1 -1
6439 6441481416747 1000385373
6440 6260857306971380231232240 972182811641518669446
6441 -1 -1
6442 8305543885916716746588 1289280330008804214
6443 9194476707 1427049
6444 -1 -1
6445 -1 -1
6446 -1 -1
6447 -1 -1
6448 4294368 666
6449 -1 -1
6450 -1 -1
6451 -1 -1
6452 155632112039092813828231260841095768 24121530074254930847524993930734
6453 -1 -1
6454 -1 -1
6455 -1 -1
6456 -1 -1
6457 361114182 55926
6458 4417272 684
6459 -1 -1
6460 31783200 4920
6461 -1 -1
6462 -1 -1
6463 825168366866201085498 127675749166981446
6464 2472506760960 382504140
6465 -1 -1
6466 -1 -1
6467 -1 -1
6468 -1 -1
6469 -1 -1
6470 56338749476469589389125940 8707689254477525407902
6471 -1 -1
6472 -1 -1
6473 41595498 6426
6474 -1 -1
6475 2366433531000 365472360
6476 -1 -1
6477 -1 -1
6478 -1 -1
6479 375406218 57942
6480 6480 1
6481 1732630540 267340
6482 -1 -1
6483 -1 -1
6484 193815092588400 29891285100
6485 368179755475859799010472307690 56774056357110223440319554
6486 -1 -1
6487 -1 -1
6488 358293312 55224
6489 -1 -1
6490 38316960 5904
6491 1530672904079643700153305603 235814651683815082445433
6492 -1 -1
6493 -1 -1
6494 3387179484 521586
6495 -1 -1
6496 22356346541760 3441555810
6497 -1 -1
6498 -1 -1
6499 589139492925159 90650791341
6500 4568896063300796226899406000 702907086661660957984524
6501 -1 -1
6502 26008 4
6503 2469569941692 379758564
6504 -1 -1
6505 4332330 666
6506 -1 -1
6507 -1 -1
6508 3436224 528
6509 -1 -1
6510 -1 -1
6511 429726 66
6512 -1 -1
6513 -1 -1
6514 390840 60
6515 -1 -1
6516 -1 -1
6517 -1 -1
6518 -1 -1
6519 -1 -1
6520 4459680 684
6521 2515759035282 385793442
6522 -1 -1
6523 -1 -1
6524 -1 -1
6525 -1 -1
6526 38529504 5904
6527 1338186153533034294 205023158194122
6528 -1 -1
6529 48966312476837277 7499818115613
6530 -1 -1
6531 -1 -1
6532 -1 -1
6533 -1 -1
6534 -1 -1
6535 32152200 4920
6536 12047266303236701136 1843216998659226
6537 -1 -1
6538 967858146320789940300 148035813141754350
6539 -1 -1
6540 -1 -1
6541 392460 60
6542 200505566855844 30648970782
6543 -1 -1
6544 370573632 56628
6545 -1 -1
6546 -1 -1
6547 379346274 57942
6548 4552040225977912463158795909652019398429849562413295558220581292146216 695180242207989075008979216501530146369860959440026810968323349442
6549 -1 -1
6550 -1 -1
6551 -1 -1
6552 -1 -1
6553 374032134 57078
6554 1326464809854344935834681729208101915116 202390114411709633175874539091867854
6555 -1 -1
6556 1841946838966080 280955893680
6557 -1 -1
6558 -1 -1
6559 -1 -1
6560 205812679446720 31373884062
