2 2 1
3 -1 -1
4 4 1
5 20 4
6 -1 -1
7 28 4
8 8 1
9 -1 -1
10 40 4
11 44 4
12 -1 -1
13 52 4
14 56 4
15 -1 -1
16 2320 145
17 68 4
18 -1 -1
19 874 46
20 80 4
21 -1 -1
22 -1 -1
23 -1 -1
24 -1 -1
25 87850 3514
26 -1 -1
27 -1 -1
28 28 1
29 -1 -1
30 -1 -1
31 11842 382
32 -1 -1
33 -1 -1
34 1156 34
35 -1 -1
36 -1 -1
37 8616634 232882
38 -1 -1
39 -1 -1
40 40 1
41 1640 40
42 -1 -1
43 -1 -1
44 572 13
45 -1 -1
46 20332 442
47 -1 -1
48 -1 -1
49 -1 -1
50 -1 -1
51 -1 -1
52 52 1
53 10581662 199654
54 -1 -1
55 6037075 109765
56 56 1
57 -1 -1
58 45298 781
59 2006 34
60 -1 -1
61 244 4
62 -1 -1
63 -1 -1
64 -1 -1
65 184730 2842
66 -1 -1
67 28408 424
68 68 1
69 -1 -1
70 280 4
71 -1 -1
72 -1 -1
73 2920 40
74 -1 -1
75 -1 -1
76 527212 6937
77 -1 -1
78 -1 -1
79 316 4
80 80 1
81 -1 -1
82 328 4
83 -1 -1
84 -1 -1
85 111448671400 1311160840
86 -1 -1
87 -1 -1
88 -1 -1
89 4094 46
90 -1 -1
91 364 4
92 42320 460
93 -1 -1
94 3760 40
95 -1 -1
96 -1 -1
97 20932600 215800
98 -1 -1
99 -1 -1
100 400 4
101 209196750152 2071254952
102 -1 -1
103 412 4
104 -1 -1
105 -1 -1
106 28408 268
107 -1 -1
108 -1 -1
109 33136 304
110 -1 -1
111 -1 -1
112 448 4
113 -1 -1
114 -1 -1
115 2328520 20248
116 485576 4186
117 -1 -1
118 4012 34
119 -1 -1
120 -1 -1
121 484 4
122 488 4
123 -1 -1
124 287680 2320
125 18125 145
126 -1 -1
127 38608 304
128 -1 -1
129 -1 -1
130 -1 -1
131 524 4
132 -1 -1
133 -1 -1
134 5360 40
135 -1 -1
136 62560 460
137 488816 3568
138 -1 -1
139 -1 -1
140 560 4
141 -1 -1
142 -1 -1
143 572 4
144 -1 -1
145 -1 -1
146 5840 40
147 -1 -1
148 335368 2266
149 -1 -1
150 -1 -1
151 4259710 28210
152 608 4
153 -1 -1
154 5113108 33202
155 6200 40
156 -1 -1
157 -1 -1
158 -1 -1
159 -1 -1
160 -1 -1
161 644 4
162 -1 -1
163 -1 -1
164 656 4
165 -1 -1
166 1819101822732181264 10958444715254104
167 38972456 233368
168 -1 -1
169 -1 -1
170 -1 -1
171 -1 -1
172 76024 442
173 692 4
174 -1 -1
175 -1 -1
176 12784112 72637
177 -1 -1
178 36580437172 205508074
179 217765245980 1216565620
180 -1 -1
181 -1 -1
182 728 4
183 -1 -1
184 6798064 36946
185 10310030945 55729897
186 -1 -1
187 521356 2788
188 -1 -1
189 -1 -1
190 -1 -1
191 -1 -1
192 -1 -1
193 85306 442
194 41865200 215800
195 -1 -1
196 2548 13
197 -1 -1
198 -1 -1
199 -1 -1
200 -1 -1
201 -1 -1
202 61530412 304606
203 -1 -1
204 -1 -1
205 6498910 31702
206 -1 -1
207 -1 -1
208 -1 -1
209 -1 -1
210 -1 -1
211 60346 286
212 -1 -1
213 -1 -1
214 37409700376 174811684
215 -1 -1
216 -1 -1
217 393547425502 1813582606
218 -1 -1
219 -1 -1
220 65219440 296452
221 -1 -1
222 -1 -1
223 4370359798 19598026
224 -1 -1
225 -1 -1
226 946036 4186
227 -1 -1
228 -1 -1
229 16689091810856806 72878130178414
230 3387566960 14728552
231 -1 -1
232 69866800 301150
233 -1 -1
234 -1 -1
235 667870 2842
236 -1 -1
237 -1 -1
238 4437469540 18644830
239 -1 -1
240 -1 -1
241 -1 -1
242 -1 -1
243 -1 -1
244 244 1
245 -1 -1
246 -1 -1
247 5805982 23506
248 -1 -1
249 -1 -1
250 83351500 333406
251 -1 -1
252 -1 -1
253 7688164 30388
254 -1 -1
255 -1 -1
256 24832 97
257 -1 -1
258 -1 -1
259 78736 304
260 -1 -1
261 -1 -1
262 2043865732531874368 7801014246304864
263 -1 -1
264 -1 -1
265 35595294490 134321866
266 -1 -1
267 -1 -1
268 2302924 8593
269 -1 -1
270 -1 -1
271 -1 -1
272 -1 -1
273 -1 -1
274 -1 -1
275 -1 -1
276 -1 -1
277 79222 286
278 -1 -1
279 -1 -1
280 280 1
281 -1 -1
282 -1 -1
283 -1 -1
284 -1 -1
285 -1 -1
286 -1 -1
287 -1 -1
288 -1 -1
289 -1 -1
290 128180 442
291 -1 -1
292 35332 121
293 -1 -1
294 -1 -1
295 22477693330516990 76195570611922
296 670736 2266
297 -1 -1
298 -1 -1
299 126776 424
300 -1 -1
301 104146 346
302 -1 -1
303 -1 -1
304 -1 -1
305 -1 -1
306 -1 -1
307 -1 -1
308 -1 -1
309 -1 -1
310 782546020 2524342
311 11490206 36946
312 -1 -1
313 2877699969578884 9193929615268
314 -1 -1
315 -1 -1
316 316 1
317 -1 -1
318 -1 -1
319 -1 -1
320 -1 -1
321 -1 -1
322 384559475692 1194284086
323 -1 -1
324 -1 -1
325 39441827189050 121359468274
326 -1 -1
327 -1 -1
328 328 1
329 -1 -1
330 -1 -1
331 5103455314 15418294
332 -1 -1
333 -1 -1
334 -1 -1
335 909236900 2714140
336 -1 -1
337 -1 -1
338 -1 -1
339 -1 -1
340 -1 -1
341 9783717614 28691254
342 -1 -1
343 -1 -1
344 -1 -1
345 -1 -1
346 1305112 3772
347 -1 -1
348 -1 -1
349 7770136 22264
350 -1 -1
351 -1 -1
352 -1 -1
353 -1 -1
354 -1 -1
355 -1 -1
356 4628 13
357 -1 -1
358 48014675032 134119204
359 1280912 3568
360 -1 -1
361 -1 -1
362 -1 -1
363 -1 -1
364 364 1
365 126290 346
366 -1 -1
367 -1 -1
368 169280 460
369 -1 -1
370 7371880 19924
371 -1 -1
372 -1 -1
373 -1 -1
374 1042712 2788
375 -1 -1
376 -1 -1
377 115202906 305578
378 -1 -1
379 1606960 4240
380 -1 -1
381 -1 -1
382 -1 -1
383 -1 -1
384 -1 -1
385 -1 -1
386 170612 442
387 -1 -1
388 2775364 7153
389 -1 -1
390 -1 -1
391 -1 -1
392 5096 13
393 -1 -1
394 -1 -1
395 150890 382
396 -1 -1
397 -1 -1
398 -1 -1
399 -1 -1
400 400 1
401 7912943426 19733026
402 -1 -1
403 -1 -1
404 48884 121
405 -1 -1
406 -1 -1
407 -1 -1
408 -1 -1
409 -1 -1
410 12643580 30838
411 -1 -1
412 412 1
413 -1 -1
414 -1 -1
415 -1 -1
416 -1 -1
417 -1 -1
418 -1 -1
419 -1 -1
420 -1 -1
421 -1 -1
422 84253988 199654
423 -1 -1
424 -1 -1
425 11323700 26644
426 -1 -1
427 -1 -1
428 -1 -1
429 -1 -1
430 -1 -1
431 39687845054806706 92083167180526
432 -1 -1
433 -1 -1
434 -1 -1
435 -1 -1
436 -1 -1
437 -1 -1
438 -1 -1
439 -1 -1
440 5720 13
441 -1 -1
442 20332 46
443 220624052804434767229280 498022692560800828960
444 -1 -1
445 -1 -1
446 -1 -1
447 -1 -1
448 448 1
449 155354 346
450 -1 -1
451 744062506 1649806
452 54692 121
453 -1 -1
454 -1 -1
455 -1 -1
456 -1 -1
457 -1 -1
458 918537320 2005540
459 -1 -1
460 203320 442
461 -1 -1
462 -1 -1
463 -1 -1
464 -1 -1
465 -1 -1
466 3575240074 7672189
467 125156 268
468 -1 -1
469 139795768 298072
470 -1 -1
471 -1 -1
472 -1 -1
473 -1 -1
474 -1 -1
475 -1 -1
476 -1 -1
477 -1 -1
478 -1 -1
479 1459034 3046
480 -1 -1
481 -1 -1
482 -1 -1
483 -1 -1
484 484 1
485 571144971530 1177618498
486 -1 -1
487 1015644306988 2085511924
488 488 1
489 -1 -1
490 172771060 352594
491 -1 -1
492 -1 -1
493 -1 -1
494 91097552 184408
495 -1 -1
496 -1 -1
497 -1 -1
498 -1 -1
499 -1 -1
500 -1 -1
501 -1 -1
502 -1 -1
503 2194294215748792694186 4362413947810721062
504 -1 -1
505 -1 -1
506 -1 -1
507 -1 -1
508 -1 -1
509 -1 -1
510 -1 -1
511 20440 40
512 -1 -1
513 -1 -1
514 -1 -1
515 -1 -1
516 -1 -1
517 92566158084400 179044793200
518 157472 304
519 -1 -1
520 -1 -1
521 -1 -1
522 -1 -1
523 268119470991331 512656732297
524 524 1
525 -1 -1
526 -1 -1
527 -1 -1
528 -1 -1
529 4825009 9121
530 -1 -1
531 -1 -1
532 -1 -1
533 16436654 30838
534 -1 -1
535 2172100 4060
536 4605848 8593
537 -1 -1
538 21520 40
539 -1 -1
540 -1 -1
541 -1 -1
542 -1 -1
543 -1 -1
544 -1 -1
545 -1 -1
546 -1 -1
547 2188 4
548 -1 -1
549 -1 -1
550 -1 -1
551 116317202 211102
552 -1 -1
553 -1 -1
554 111146804 200626
555 -1 -1
556 4314015676 7759021
557 -1 -1
558 -1 -1
559 -1 -1
560 560 1
561 -1 -1
562 -1 -1
563 -1 -1
564 -1 -1
565 -1 -1
566 2399840 4240
567 -1 -1
568 -1 -1
569 -1 -1
570 -1 -1
571 3837691 6721
572 572 1
573 -1 -1
574 2296 4
575 -1 -1
576 -1 -1
577 -1 -1
578 364040004696649304 629826997745068
579 -1 -1
580 2187760 3772
581 -1 -1
582 -1 -1
583 75925892682640 130233092080
584 2307968 3952
585 -1 -1
586 -1 -1
587 -1 -1
588 -1 -1
589 -1 -1
590 214832399523370115422940 364122711056559517666
591 -1 -1
592 -1 -1
593 -1 -1
594 -1 -1
595 -1 -1
596 342195188 574153
597 -1 -1
598 20332 34
599 -1 -1
600 -1 -1
601 2404 4
602 -1 -1
603 -1 -1
604 -1 -1
605 15310130 25306
606 -1 -1
607 -1 -1
608 608 1
609 -1 -1
610 2440 4
611 -1 -1
612 -1 -1
613 -1 -1
614 80080889828 130424902
615 -1 -1
616 2611840 4240
617 774085922036 1254596308
618 -1 -1
619 -1 -1
620 -1 -1
621 -1 -1
622 -1 -1
623 -1 -1
624 -1 -1
625 -1 -1
626 1107586808 1769308
627 -1 -1
628 52924153012 84274129
629 -1 -1
630 -1 -1
631 -1 -1
632 -1 -1
633 -1 -1
634 104962975696 165556744
635 -1 -1
636 -1 -1
637 2548 4
638 -1 -1
639 -1 -1
640 -1 -1
641 -1 -1
642 -1 -1
643 -1 -1
644 644 1
645 -1 -1
646 -1 -1
647 -1 -1
648 -1 -1
649 -1 -1
650 -1 -1
651 -1 -1
652 -1 -1
653 -1 -1
654 -1 -1
655 -1 -1
656 656 1
657 -1 -1
658 192408412 292414
659 -1 -1
660 -1 -1
661 177148 268
662 -1 -1
663 -1 -1
664 2656 4
665 2544290 3826
666 -1 -1
667 242788 364
668 -1 -1
669 -1 -1
670 -1 -1
671 -1 -1
672 -1 -1
673 2692 4
674 -1 -1
675 -1 -1
676 -1 -1
677 -1 -1
678 -1 -1
679 856219 1261
680 -1 -1
681 -1 -1
682 -1 -1
683 -1 -1
684 -1 -1
685 -1 -1
686 -1 -1
687 -1 -1
688 23392 34
689 -1 -1
690 -1 -1
691 1120350376698172 1621346420692
692 692 1
693 -1 -1
694 27760 40
695 -1 -1
696 -1 -1
697 -1 -1
698 -1 -1
699 -1 -1
700 2800 4
701 -1 -1
702 -1 -1
703 255892 364
704 -1 -1
705 -1 -1
706 32476 46
707 -1 -1
708 -1 -1
709 -1 -1
710 -1 -1
711 -1 -1
712 2463520 3460
713 -1 -1
714 -1 -1
715 -1 -1
716 -1 -1
717 -1 -1
718 -1 -1
719 -1 -1
720 -1 -1
721 2572528 3568
722 -1 -1
723 -1 -1
724 4253845348 5875477
725 -1 -1
726 -1 -1
727 2908 4
728 728 1
729 -1 -1
730 2920 4
731 -1 -1
732 -1 -1
733 38097587773 51974881
734 -1 -1
735 -1 -1
736 75328864 102349
737 -1 -1
738 -1 -1
739 644538954688671208 872177205262072
740 -1 -1
741 -1 -1
742 347132700495797732740 467833828161452470
743 -1 -1
744 -1 -1
745 -1 -1
746 -1 -1
747 -1 -1
748 21101080 28210
749 -1 -1
750 -1 -1
751 478774099195 637515445
752 -1 -1
753 -1 -1
754 2844088 3772
755 -1 -1
756 -1 -1
757 3028 4
758 -1 -1
759 -1 -1
760 47379160 62341
761 -1 -1
762 -1 -1
763 241574956 316612
764 -1 -1
765 -1 -1
766 30640 40
767 -1 -1
768 -1 -1
769 938092810780 1219886620
770 -1 -1
771 -1 -1
772 26248 34
773 -1 -1
774 -1 -1
775 -1 -1
776 -1 -1
777 -1 -1
778 297196 382
779 -1 -1
780 -1 -1
781 -1 -1
782 -1 -1
783 -1 -1
784 3136 4
785 -1 -1
786 -1 -1
787 -1 -1
788 -1 -1
789 -1 -1
790 27466720 34768
791 -1 -1
792 -1 -1
793 3172 4
794 241376 304
795 -1 -1
796 227656 286
797 -1 -1
798 -1 -1
799 95154495152080 119091983920
800 -1 -1
801 -1 -1
802 2765546437303930 3448312265965
803 -1 -1
804 -1 -1
805 3853809505 4787341
806 -1 -1
807 -1 -1
808 37168 46
809 -1 -1
810 -1 -1
811 -1 -1
812 -1 -1
813 -1 -1
814 -1 -1
815 -1 -1
816 -1 -1
817 -1 -1
818 -1 -1
819 -1 -1
820 3280 4
821 2954454606233720525 3598604879700025
822 -1 -1
823 9900666202132 12029971084
824 -1 -1
825 -1 -1
826 28084 34
827 -1 -1
828 -1 -1
829 -1 -1
830 -1 -1
831 -1 -1
832 110208427264 132462052
833 -1 -1
834 -1 -1
835 -1 -1
836 -1 -1
837 -1 -1
838 -1 -1
839 -1 -1
840 -1 -1
841 225388 268
842 -1 -1
843 -1 -1
844 -1 -1
845 -1 -1
846 -1 -1
847 3388 4
848 -1 -1
849 -1 -1
850 309400 364
851 -1 -1
852 -1 -1
853 -1 -1
854 -1 -1
855 -1 -1
856 3424 4
857 1142381 1333
858 -1 -1
859 60245603373939976 70134579015064
860 245960 286
861 -1 -1
862 187245364 217222
863 -1 -1
864 -1 -1
865 -1 -1
866 -1 -1
867 -1 -1
868 215817784 248638
869 -1 -1
870 -1 -1
871 -1 -1
872 -1 -1
873 -1 -1
874 -1 -1
875 -1 -1
876 -1 -1
877 -1 -1
878 -1 -1
879 -1 -1
880 -1 -1
881 -1 -1
882 -1 -1
883 3532 4
884 -1 -1
885 -1 -1
886 322504 364
887 -1 -1
888 -1 -1
889 -1 -1
890 -1 -1
891 -1 -1
892 154724980216 173458498
893 1844121533672 2065085704
894 -1 -1
895 1501852960 1678048
896 -1 -1
897 -1 -1
898 -1 -1
899 -1 -1
900 -1 -1
901 -1 -1
902 -1 -1
903 -1 -1
904 -1 -1
905 -1 -1
906 -1 -1
907 -1 -1
908 -1 -1
909 -1 -1
910 3640 4
911 -1 -1
912 -1 -1
913 3652 4
914 -1 -1
915 -1 -1
916 19190200 20950
917 -1 -1
918 -1 -1
919 -1 -1
920 42320 46
921 -1 -1
922 335608 364
923 1495236593624540 1619974640980
924 -1 -1
925 -1 -1
926 -1 -1
927 -1 -1
928 -1 -1
929 -1 -1
930 -1 -1
931 -1 -1
932 7150480148 7672189
933 -1 -1
934 -1 -1
935 -1 -1
936 -1 -1
937 -1 -1
938 -1 -1
939 -1 -1
940 3760 4
941 -1 -1
942 -1 -1
943 2187760 2320
944 -1 -1
945 -1 -1
946 12807503381464 13538587084
947 -1 -1
948 -1 -1
949 37960 40
950 -1 -1
951 -1 -1
952 -1 -1
953 -1 -1
954 -1 -1
955 -1 -1
956 -1 -1
957 -1 -1
958 683943982 713929
959 -1 -1
960 -1 -1
961 -1 -1
962 -1 -1
963 -1 -1
964 -1 -1
965 -1 -1
966 -1 -1
967 3868 4
968 -1 -1
969 -1 -1
970 173480620 178846
971 -1 -1
972 -1 -1
973 -1 -1
974 -1 -1
975 -1 -1
976 3904 4
977 -1 -1
978 -1 -1
979 262372 268
980 -1 -1
981 -1 -1
982 61218862 62341
983 -1 -1
984 -1 -1
985 2161822840 2194744
986 -1 -1
987 -1 -1
988 -1 -1
989 -1 -1
990 -1 -1
991 -1 -1
992 -1 -1
993 -1 -1
994 246180004 247666
995 421880 424
996 -1 -1
997 -1 -1
998 -1 -1
999 -1 -1
1000 2788000 2788
1001 -1 -1
1002 -1 -1
1003 4012 4
1004 2650027880 2639470
1005 -1 -1
1006 -1 -1
1007 9549539099 9483157
1008 -1 -1
1009 -1 -1
1010 -1 -1
1011 -1 -1
1012 758345236 749353
1013 -1 -1
1014 -1 -1
1015 -1 -1
1016 -1 -1
1017 -1 -1
1018 -1 -1
1019 -1 -1
1020 -1 -1
1021 1042441 1021
1022 40880 40
1023 -1 -1
1024 646398976 631249
1025 -1 -1
1026 -1 -1
1027 -1 -1
1028 -1 -1
1029 -1 -1
1030 4120 4
1031 5545558323767 5378815057
1032 -1 -1
1033 435560496709 421646173
1034 475640 460
1035 -1 -1
1036 314944 304
1037 -1 -1
1038 -1 -1
1039 4156 4
1040 -1 -1
1041 -1 -1
1042 -1 -1
1043 -1 -1
1044 -1 -1
1045 1609181785420 1539886876
1046 -1 -1
1047 -1 -1
1048 -1 -1
1049 2426190140 2312860
1050 -1 -1
1051 -1 -1
1052 -1 -1
1053 -1 -1
1054 -1 -1
1055 -1 -1
1056 -1 -1
1057 -1 -1
1058 42320 40
1059 -1 -1
1060 -1 -1
1061 -1 -1
1062 -1 -1
1063 -1 -1
1064 -1 -1
1065 -1 -1
1066 4264 4
1067 -1 -1
1068 -1 -1
1069 2480080 2320
1070 -1 -1
1071 -1 -1
1072 2238796960 2088430
1073 -1 -1
1074 -1 -1
1075 -1 -1
1076 -1 -1
1077 -1 -1
1078 12962950 12025
1079 41865200 38800
1080 -1 -1
1081 -1 -1
1082 -1 -1
1083 -1 -1
1084 -1 -1
1085 43400 40
1086 -1 -1
1087 -1 -1
1088 415616 382
1089 -1 -1
1090 331360 304
1091 -1 -1
1092 -1 -1
1093 4372 4
1094 4376 4
1095 -1 -1
1096 207792832 189592
1097 35547188 32404
1098 -1 -1
1099 245907844 223756
1100 -1 -1
1101 -1 -1
1102 -1 -1
1103 -1 -1
1104 -1 -1
1105 -1 -1
1106 63938878481114 57810920869
1107 -1 -1
1108 316888 286
1109 -1 -1
1110 -1 -1
1111 -1 -1
1112 -1 -1
1113 -1 -1
1114 -1 -1
1115 -1 -1
1116 -1 -1
1117 -1 -1
1118 -1 -1
1119 -1 -1
1120 -1 -1
1121 4484 4
1122 -1 -1
1123 2126931612029545747 1893972940364689
1124 -1 -1
1125 -1 -1
1126 38284 34
1127 -1 -1
1128 -1 -1
1129 -1 -1
1130 -1 -1
1131 -1 -1
1132 -1 -1
1133 4599980 4060
1134 -1 -1
1135 4873690 4294
1136 -1 -1
1137 -1 -1
1138 12619282 11089
1139 22005334208 19319872
1140 -1 -1
1141 -1 -1
1142 315498056 276268
1143 -1 -1
1144 -1 -1
1145 -1 -1
1146 -1 -1
1147 -1 -1
1148 4592 4
1149 -1 -1
1150 16937834800 14728552
1151 -1 -1
1152 -1 -1
1153 1690124007688 1465849096
1154 -1 -1
1155 -1 -1
1156 -1 -1
1157 4628 4
1158 -1 -1
1159 -1 -1
1160 4375520 3772
1161 -1 -1
1162 332332 286
1163 -1 -1
1164 -1 -1
1165 -1 -1
1166 -1 -1
1167 -1 -1
1168 -1 -1
1169 -1 -1
1170 -1 -1
1171 3053968 2608
1172 -1 -1
1173 -1 -1
1174 -1 -1
1175 -1 -1
1176 -1 -1
1177 9078742780698712 7713460306456
1178 428792 364
1179 -1 -1
1180 -1 -1
1181 -1 -1
1182 -1 -1
1183 -1 -1
1184 4736 4
1185 -1 -1
1186 -1 -1
1187 -1 -1
1188 -1 -1
1189 26471896 22264
1190 -1 -1
1191 -1 -1
1192 -1 -1
1193 -1 -1
1194 -1 -1
1195 -1 -1
1196 55016 46
1197 -1 -1
1198 -1 -1
1199 -1 -1
1200 -1 -1
1201 -1 -1
1202 -1 -1
1203 -1 -1
1204 13611220 11305
1205 -1 -1
1206 -1 -1
1207 323476 268
1208 -1 -1
1209 -1 -1
1210 -1 -1
1211 4844 4
1212 -1 -1
1213 -1 -1
1214 441896 364
1215 -1 -1
1216 303853496320 249879520
1217 -1 -1
1218 -1 -1
1219 -1 -1
1220 4880 4
1221 -1 -1
1222 -1 -1
1223 -1 -1
1224 -1 -1
1225 -1 -1
1226 -1 -1
1227 -1 -1
1228 -1 -1
1229 -1 -1
1230 -1 -1
1231 -1 -1
1232 41888 34
1233 -1 -1
1234 32068520704 25987456
1235 -1 -1
1236 -1 -1
1237 -1 -1
1238 658758732734 532115293
1239 -1 -1
1240 -1 -1
1241 49640 40
1242 -1 -1
1243 -1 -1
1244 -1 -1
1245 -1 -1
1246 -1 -1
1247 4988 4
1248 -1 -1
1249 -1 -1
1250 455000 364
1251 -1 -1
1252 -1 -1
1253 4196082738655382700377637476 3348829001321135435257492
1254 -1 -1
1255 -1 -1
1256 -1 -1
1257 -1 -1
1258 -1 -1
1259 22012799168 17484352
1260 -1 -1
1261 524101981273 415624093
1262 -1 -1
1263 -1 -1
1264 -1 -1
1265 -1 -1
1266 -1 -1
1267 -1 -1
1268 70695089300 55753225
1269 -1 -1
1270 -1 -1
1271 -1 -1
1272 -1 -1
1273 -1 -1
1274 5096 4
1275 -1 -1
1276 -1 -1
1277 5108 4
1278 -1 -1
1279 -1 -1
1280 -1 -1
1281 -1 -1
1282 -1 -1
1283 -1 -1
1284 -1 -1
1285 -1 -1
1286 43724 34
1287 -1 -1
1288 415586080 322660
1289 -1 -1
1290 -1 -1
1291 -1 -1
1292 -1 -1
1293 -1 -1
1294 -1 -1
1295 393680 304
1296 -1 -1
1297 -1 -1
1298 -1 -1
1299 -1 -1
1300 -1 -1
1301 -1 -1
1302 -1 -1
1303 -1 -1
1304 5216 4
1305 -1 -1
1306 96556498 73933
1307 2292336085940 1753891420
1308 -1 -1
1309 -1 -1
1310 -1 -1
1311 -1 -1
1312 -1 -1
1313 -1 -1
1314 -1 -1
1315 26200060 19924
1316 -1 -1
1317 -1 -1
1318 -1 -1
1319 -1 -1
1320 -1 -1
1321 -1 -1
1322 354296 268
1323 -1 -1
1324 552768640252 417498973
1325 -1 -1
1326 -1 -1
1327 -1 -1
1328 -1 -1
1329 -1 -1
1330 -1 -1
1331 5324 4
1332 -1 -1
1333 3583397260 2688220
1334 485576 364
1335 -1 -1
1336 -1 -1
1337 -1 -1
1338 -1 -1
1339 -1 -1
1340 5360 4
1341 -1 -1
1342 2170776256 1617568
1343 680386474732412669931944 506616883642898488408
1344 -1 -1
1345 -1 -1
1346 -1 -1
1347 -1 -1
1348 -1 -1
1349 410096 304
1350 -1 -1
1351 435913660 322660
1352 -1 -1
1353 -1 -1
1354 -1 -1
1355 -1 -1
1356 -1 -1
1357 4841776 3568
1358 -1 -1
1359 -1 -1
1360 5129920 3772
1361 -1 -1
1362 -1 -1
1363 -1 -1
1364 -1 -1
1365 -1 -1
1366 -1 -1
1367 5468 4
1368 -1 -1
1369 -1 -1
1370 46580 34
1371 -1 -1
1372 -1 -1
1373 -1 -1
1374 -1 -1
1375 -1 -1
1376 281485568 204568
1377 -1 -1
1378 325840562632 236459044
1379 1083796091 785929
1380 -1 -1
1381 -1 -1
1382 -1 -1
1383 -1 -1
1384 -1 -1
1385 44093883660558257614788740 31836739105096214884324
1386 -1 -1
1387 5805982 4186
1388 -1 -1
1389 -1 -1
1390 -1 -1
1391 -1 -1
1392 -1 -1
1393 -1 -1
1394 5576 4
1395 -1 -1
1396 3769264216 2700046
1397 508508 364
1398 -1 -1
1399 34949818 24982
1400 -1 -1
1401 -1 -1
1402 -1 -1
1403 5612 4
1404 -1 -1
1405 5396404806777835006219548820 3840857513720879007985444
1406 511784 364
1407 -1 -1
1408 -1 -1
1409 -1 -1
1410 -1 -1
1411 -1 -1
1412 17510997365696 12401556208
1413 -1 -1
1414 -1 -1
1415 -1 -1
1416 -1 -1
1417 -1 -1
1418 -1 -1
1419 -1 -1
1420 -1 -1
1421 -1 -1
1422 -1 -1
1423 1528762982227768522 1074323950968214
1424 8498632784 5968141
1425 -1 -1
1426 36086356 25306
1427 -1 -1
1428 -1 -1
1429 -1 -1
1430 5720 4
1431 -1 -1
1432 207640 145
1433 521612 364
1434 -1 -1
1435 -1 -1
1436 -1 -1
1437 -1 -1
1438 -1 -1
1439 275464892 191428
1440 -1 -1
1441 -1 -1
1442 -1 -1
1443 -1 -1
1444 -1 -1
1445 -1 -1
1446 -1 -1
1447 -1 -1
1448 -1 -1
1449 -1 -1
1450 4093277500 2822950
1451 -1 -1
1452 -1 -1
1453 -1 -1
1454 -1 -1
1455 -1 -1
1456 -1 -1
1457 5828 4
1458 -1 -1
1459 465009562 318718
1460 5840 4
1461 -1 -1
1462 371260329937767955956829514486944 253940034157160024594274633712
1463 -1 -1
1464 -1 -1
1465 -1 -1
1466 24142351880 16468180
1467 -1 -1
1468 20926125331004152 14254853767714
1469 1013795696934853392556889108645 690126410438974399289917705
1470 -1 -1
1471 -1 -1
1472 -1 -1
1473 -1 -1
1474 -1 -1
1475 -1 -1
1476 -1 -1
1477 5491486 3718
1478 -1 -1
1479 -1 -1
1480 -1 -1
1481 -1 -1
1482 -1 -1
1483 -1 -1
1484 -1 -1
1485 -1 -1
1486 -1 -1
1487 5948 4
1488 -1 -1
1489 -1 -1
1490 -1 -1
1491 -1 -1
1492 -1 -1
1493 19645025895191923193333 13158088342392446881
1494 -1 -1
1495 476483410 318718
1496 26213300960 17522260
1497 -1 -1
1498 34160392 22804
1499 -1 -1
1500 -1 -1
1501 -1 -1
1502 402536 268
1503 -1 -1
1504 2113120 1405
1505 -1 -1
1506 -1 -1
1507 -1 -1
1508 -1 -1
1509 -1 -1
1510 407189620 269662
1511 269501960 178360
1512 -1 -1
1513 -1 -1
1514 6056 4
1515 -1 -1
1516 4741196008 3127438
1517 -1 -1
1518 -1 -1
1519 311823485596 205282084
1520 3444320 2266
1521 -1 -1
1522 1290333418090751329048 847788053936104684
1523 6092 4
1524 -1 -1
1525 -1 -1
1526 -1 -1
1527 -1 -1
1528 -1 -1
1529 33105908 21652
1530 -1 -1
1531 -1 -1
1532 -1 -1
1533 -1 -1
1534 -1 -1
1535 -1 -1
1536 -1 -1
1537 -1 -1
1538 -1 -1
1539 -1 -1
1540 255974529127240 166217226706
1541 -1 -1
1542 -1 -1
1543 4785642274 3101518
1544 52496 34
1545 -1 -1
1546 -1 -1
1547 -1 -1
1548 -1 -1
1549 -1 -1
1550 6200 4
1551 -1 -1
1552 -1 -1
1553 39887252 25684
1554 -1 -1
1555 5464270 3514
1556 -1 -1
1557 -1 -1
1558 -1 -1
1559 -1 -1
1560 -1 -1
1561 -1 -1
1562 -1 -1
1563 -1 -1
1564 20332 13
1565 -1 -1
1566 -1 -1
1567 -1 -1
1568 1006055456 641617
1569 -1 -1
1570 205038314712507820 130597652683126
1571 -1 -1
1572 -1 -1
1573 -1 -1
1574 -1 -1
1575 -1 -1
1576 1548780904 982729
1577 6308 4
1578 -1 -1
1579 -1 -1
1580 10050792380 6361261
1581 -1 -1
1582 40888372 25846
1583 -1 -1
1584 -1 -1
1585 -1 -1
1586 6344 4
1587 -1 -1
1588 -1 -1
1589 -1 -1
1590 -1 -1
1591 -1 -1
1592 -1 -1
1593 -1 -1
1594 -1 -1
1595 -1 -1
1596 -1 -1
1597 -1 -1
1598 54332 34
1599 -1 -1
1600 -1 -1
1601 -1 -1
1602 -1 -1
1603 4758761980 2968660
1604 8635251092 5383573
1605 -1 -1
1606 -1 -1
1607 367906580 228940
1608 -1 -1
1609 246148681397266 152982399874
1610 2667750680 1656988
1611 -1 -1
1612 -1 -1
1613 6452 4
1614 -1 -1
1615 -1 -1
1616 379740608 234988
1617 -1 -1
1618 -1 -1
1619 -1 -1
1620 -1 -1
1621 265111264336744 163547973064
1622 -1 -1
1623 -1 -1
1624 6798064 4186
1625 -1 -1
1626 -1 -1
1627 36223528 22264
1628 -1 -1
1629 -1 -1
1630 -1 -1
1631 -1 -1
1632 -1 -1
1633 7012102 4294
1634 -1 -1
1635 -1 -1
1636 2567083379320 1569121870
1637 32615588 19924
1638 -1 -1
1639 -1 -1
1640 6560 4
1641 -1 -1
1642 -1 -1
1643 -1 -1
1644 -1 -1
1645 255918020852620 155573264956
1646 119560502 72637
1647 -1 -1
1648 -1 -1
1649 -1 -1
1650 -1 -1
1651 -1 -1
1652 -1 -1
1653 -1 -1
1654 -1 -1
1655 -1 -1
1656 -1 -1
1657 -1 -1
1658 -1 -1
1659 -1 -1
1660 45212400760 27236386
1661 2289279721256 1378253896
1662 -1 -1
1663 2729291875642 1641185734
1664 -1 -1
1665 -1 -1
1666 -1 -1
1667 -1 -1
1668 -1 -1
1669 43570800508 26105932
1670 -1 -1
1671 -1 -1
1672 -1 -1
1673 -1 -1
1674 -1 -1
1675 -1 -1
1676 -1 -1
1677 -1 -1
1678 560270776 333892
1679 -1 -1
1680 -1 -1
1681 -1 -1
1682 -1 -1
1683 -1 -1
1684 -1 -1
1685 -1 -1
1686 -1 -1
1687 13519042559541788920924 8013658897179483652
1688 -1 -1
1689 -1 -1
1690 -1 -1
1691 -1 -1
1692 -1 -1
1693 -1 -1
1694 4235000 2500
1695 -1 -1
1696 -1 -1
1697 262794718376 154858408
1698 -1 -1
1699 15148742175214044760 8916269673463240
1700 -1 -1
1701 -1 -1
1702 3338175289564 1961325082
1703 -1 -1
1704 -1 -1
1705 -1 -1
1706 -1 -1
1707 -1 -1
1708 22204 13
1709 -1 -1
1710 -1 -1
1711 -1 -1
1712 -1 -1
1713 -1 -1
1714 982615411880219921822608 573287871575390852872
1715 -1 -1
1716 -1 -1
1717 40637956 23668
1718 -1 -1
1719 -1 -1
1720 -1 -1
1721 1344101 781
1722 -1 -1
1723 -1 -1
1724 493064 286
1725 -1 -1
1726 29169584274664 16900106764
1727 -1 -1
1728 -1 -1
1729 -1 -1
1730 -1 -1
1731 -1 -1
1732 2308756 1333
1733 -1 -1
1734 -1 -1
1735 429700510 247666
1736 -1 -1
1737 -1 -1
1738 -1 -1
1739 -1 -1
1740 -1 -1
1741 -1 -1
1742 356357456 204568
1743 -1 -1
1744 -1 -1
1745 -1 -1
1746 -1 -1
1747 -1 -1
1748 -1 -1
1749 -1 -1
1750 -1 -1
1751 4566608 2608
1752 -1 -1
1753 -1 -1
1754 -1 -1
1755 -1 -1
1756 -1 -1
1757 -1 -1
1758 -1 -1
1759 3628999936 2063104
1760 -1 -1
1761 -1 -1
1762 4343766976 2465248
1763 -1 -1
1764 -1 -1
1765 -1 -1
1766 -1 -1
1767 -1 -1
1768 6573424 3718
1769 39385016 22264
1770 -1 -1
1771 46899622 26482
1772 -1 -1
1773 -1 -1
1774 -1 -1
1775 -1 -1
1776 -1 -1
1777 -1 -1
1778 508508 286
1779 -1 -1
1780 923548244376471172116760 518847328301388298942
1781 -1 -1
1782 -1 -1
1783 -1 -1
1784 36796784 20626
1785 -1 -1
1786 288939051424 161779984
1787 -1 -1
1788 -1 -1
1789 46238494 25846
1790 -1 -1
1791 -1 -1
1792 -1 -1
1793 -1 -1
1794 -1 -1
1795 169800722891201768080 94596503003455024
1796 -1 -1
1797 -1 -1
1798 -1 -1
1799 -1 -1
1800 -1 -1
1801 -1 -1
1802 1547995511422616 859043014108
1803 -1 -1
1804 7648960 4240
1805 7947642158263082171600 4403125849453231120
1806 -1 -1
1807 370944725788 205282084
1808 -1 -1
1809 -1 -1
1810 -1 -1
1811 -1 -1
1812 -1 -1
1813 7164976 3952
1814 -1 -1
1815 -1 -1
1816 -1 -1
1817 -1 -1
1818 -1 -1
1819 -1 -1
1820 -1 -1
1821 -1 -1
1822 329694544 180952
1823 -1 -1
1824 -1 -1
1825 520844050 285394
1826 -1 -1
1827 -1 -1
1828 -1 -1
1829 -1 -1
1830 -1 -1
1831 24749043009324700 13516681053700
1832 -1 -1
1833 -1 -1
1834 -1 -1
1835 -1 -1
1836 -1 -1
1837 379356371680 206508640
1838 -1 -1
1839 -1 -1
1840 5129920 2788
1841 -1 -1
1842 -1 -1
1843 -1 -1
1844 -1 -1
1845 -1 -1
1846 -1 -1
1847 -1 -1
1848 -1 -1
1849 -1 -1
1850 -1 -1
1851 -1 -1
1852 24076 13
1853 -1 -1
1854 -1 -1
1855 -1 -1
1856 -1 -1
1857 -1 -1
1858 1387746943515770068 746903629448746
1859 5136050948052167 2762803092013
1860 -1 -1
1861 26165747132020 14060046820
1862 -1 -1
1863 -1 -1
1864 -1 -1
1865 -1 -1
1866 -1 -1
1867 -1 -1
1868 500624 268
1869 -1 -1
1870 -1 -1
1871 -1 -1
1872 -1 -1
1873 -1 -1
1874 -1 -1
1875 -1 -1
1876 16120468 8593
1877 -1 -1
1878 -1 -1
1879 53852140 28660
1880 -1 -1
1881 -1 -1
1882 -1 -1
1883 -1 -1
1884 -1 -1
1885 7110220 3772
1886 4375520 2320
1887 -1 -1
1888 12107300320 6412765
1889 -1 -1
1890 -1 -1
1891 -1 -1
1892 -1 -1
1893 -1 -1
1894 -1 -1
1895 42190280 22264
1896 -1 -1
1897 39652553479714 20902769362
1898 -1 -1
1899 -1 -1
1900 -1 -1
1901 -1 -1
1902 -1 -1
1903 37449914318410 19679408470
1904 -1 -1
1905 -1 -1
1906 138904997674944809764 72877753239740194
1907 -1 -1
1908 -1 -1
1909 -1 -1
1910 -1 -1
1911 -1 -1
1912 3506848912 1834126
1913 -1 -1
1914 -1 -1
1915 -1 -1
1916 -1 -1
1917 -1 -1
1918 22955868719124124 11968648967218
1919 -1 -1
1920 -1 -1
1921 1074313897675234632496 559247213782006576
1922 2515191053804 1308632182
1923 -1 -1
1924 3220738224184 1673980366
1925 -1 -1
1926 -1 -1
1927 478188904 248152
1928 -1 -1
1929 -1 -1
1930 5380840 2788
1931 -1 -1
1932 -1 -1
1933 -1 -1
1934 -1 -1
1935 -1 -1
1936 -1 -1
1937 -1 -1
1938 -1 -1
1939 82990448314631594092090 42800643793002369310
1940 -1 -1
1941 -1 -1
1942 -1 -1
1943 -1 -1
1944 -1 -1
1945 -1 -1
1946 -1 -1
1947 -1 -1
1948 -1 -1
1949 1042405109 534841
1950 -1 -1
1951 -1 -1
1952 -1 -1
1953 -1 -1
1954 86313942776128986661050472 44172949220127424084468
1955 -1 -1
1956 -1 -1
1957 179125114436038569694 91530462154337542
1958 4648292 2374
1959 -1 -1
1960 25480 13
1961 -1 -1
1962 -1 -1
1963 -1 -1
1964 -1 -1
1965 -1 -1
1966 -1 -1
1967 39190508 19924
1968 -1 -1
1969 4283208533626 2175321754
1970 -1 -1
1971 -1 -1
1972 -1 -1
1973 -1 -1
1974 -1 -1
1975 -1 -1
1976 364390208 184408
1977 -1 -1
1978 364097235385816 184073425372
1979 -1 -1
1980 -1 -1
1981 -1 -1
1982 -1 -1
1983 -1 -1
1984 287680 145
1985 77659471244757045359600 39123159317257957360
1986 -1 -1
1987 -1 -1
1988 -1 -1
1989 -1 -1
1990 3392569770700 1704808930
1991 -1 -1
1992 -1 -1
1993 -1 -1
1994 -1 -1
1995 -1 -1
1996 -1 -1
1997 -1 -1
1998 -1 -1
1999 -1 -1
2000 -1 -1
2001 -1 -1
2002 451732289008 225640504
2003 674688211391145315907844 336838847424436003948
2004 -1 -1
2005 -1 -1
2006 -1 -1
2007 -1 -1
2008 -1 -1
2009 -1 -1
2010 -1 -1
2011 4171518425146 2074350286
2012 4667840 2320
2013 -1 -1
2014 56666935168 28136512
2015 -1 -1
2016 -1 -1
2017 -1 -1
2018 -1 -1
2019 -1 -1
2020 -1 -1
2021 -1 -1
2022 -1 -1
2023 -1 -1
2024 -1 -1
2025 -1 -1
2026 -1 -1
2027 -1 -1
2028 -1 -1
2029 4037330572942 1989812998
2030 4599980 2266
2031 -1 -1
2032 6299200 3100
2033 -1 -1
2034 -1 -1
2035 218763819254871220 107500648282492
2036 -1 -1
2037 -1 -1
2038 2620074651436 1285610722
2039 -1 -1
2040 -1 -1
2041 515543676388 252593668
2042 -1 -1
2043 -1 -1
2044 26572 13
2045 -1 -1
2046 -1 -1
2047 5228038 2554
2048 -1 -1
2049 -1 -1
2050 8212300 4006
2051 -1 -1
2052 -1 -1
2053 4815816538 2345746
2054 -1 -1
2055 -1 -1
2056 22816395123584394923663543176 11097468445323149281937521
2057 -1 -1
2058 -1 -1
2059 -1 -1
2060 -1 -1
2061 -1 -1
2062 49280851480 23899540
2063 -1 -1
2064 -1 -1
2065 1619835652397549440 784424044744576
2066 -1 -1
2067 -1 -1
2068 21863770374510555568 10572422811658876
2069 -1 -1
2070 -1 -1
2071 -1 -1
2072 -1 -1
2073 -1 -1
2074 159921055849220632 77107548625468
2075 -1 -1
2076 -1 -1
2077 478041530740 230159620
2078 -1 -1
2079 -1 -1
2080 -1 -1
2081 -1 -1
2082 -1 -1
2083 18964436548736388360916831469024141956 9104386245192697244799246984649132
2084 -1 -1
2085 -1 -1
2086 -1 -1
2087 -1 -1
2088 -1 -1
2089 109638614960487307381234 52483779301334278306
2090 -1 -1
2091 -1 -1
2092 1633852 781
2093 -1 -1
2094 -1 -1
2095 -1 -1
2096 -1 -1
2097 -1 -1
2098 32051339653792 15277092304
2099 -1 -1
2100 -1 -1
2101 709940506 337906
2102 -1 -1
2103 -1 -1
2104 305080 145
2105 -1 -1
2106 -1 -1
2107 526724716 249988
2108 -1 -1
2109 -1 -1
2110 128601923721626952613480 60948779014989077068
2111 -1 -1
2112 -1 -1
2113 -1 -1
2114 -1 -1
2115 -1 -1
2116 19300036 9121
2117 -1 -1
2118 -1 -1
2119 31874845600 15042400
2120 -1 -1
2121 -1 -1
2122 5753217328 2711224
2123 -1 -1
2124 -1 -1
2125 -1 -1
2126 -1 -1
2127 -1 -1
2128 1968400 925
2129 -1 -1
2130 -1 -1
2131 -1 -1
2132 -1 -1
2133 -1 -1
2134 425187852628 199244542
2135 -1 -1
2136 -1 -1
2137 325873369576 152491048
2138 -1 -1
2139 -1 -1
2140 -1 -1
2141 -1 -1
2142 -1 -1
2143 45705904 21328
2144 -1 -1
2145 -1 -1
2146 -1 -1
2147 -1 -1
2148 -1 -1
2149 -1 -1
2150 -1 -1
2151 -1 -1
2152 -1 -1
2153 -1 -1
2154 -1 -1
2155 668367825676068775022095330 310147482912328897922086
2156 -1 -1
2157 -1 -1
2158 23648175702213075052 10958376136335994
2159 -1 -1
2160 -1 -1
2161 416720195140 192836740
2162 -1 -1
2163 -1 -1
2164 209908 97
2165 -1 -1
2166 -1 -1
2167 -1 -1
2168 -1 -1
2169 -1 -1
2170 148773784539726870160 68559347714159848
2171 -1 -1
2172 -1 -1
2173 23626178283538 10872608506
2174 -1 -1
2175 -1 -1
2176 -1 -1
2177 -1 -1
2178 -1 -1
2179 -1 -1
2180 -1 -1
2181 -1 -1
2182 98417798315442840740759794881906931715417848 45104398861339523712538861082450472830164
2183 -1 -1
2184 -1 -1
2185 -1 -1
2186 -1 -1
2187 -1 -1
2188 2188 1
2189 -1 -1
2190 -1 -1
2191 248654606421970 113489094670
2192 -1 -1
2193 -1 -1
2194 531462269212 242234398
2195 -1 -1
2196 -1 -1
2197 6573424 2992
2198 -1 -1
2199 -1 -1
2200 -1 -1
2201 -1 -1
2202 -1 -1
2203 -1 -1
2204 -1 -1
2205 -1 -1
2206 -1 -1
2207 -1 -1
2208 -1 -1
2209 199617800744144458 90365686167562
2210 -1 -1
2211 -1 -1
2212 6955280080 3144340
2213 -1 -1
2214 -1 -1
2215 5357779330 2418862
2216 -1 -1
2217 -1 -1
2218 -1 -1
2219 -1 -1
2220 -1 -1
2221 -1 -1
2222 3121910 1405
2223 -1 -1
2224 -1 -1
2225 -1 -1
2226 -1 -1
2227 302223009748154130892925026447060 135708580937653404083037730780
2228 -1 -1
2229 -1 -1
2230 4422714814780 1983280186
2231 -1 -1
2232 -1 -1
2233 48348916 21652
2234 -1 -1
2235 -1 -1
2236 -1 -1
2237 -1 -1
2238 -1 -1
2239 -1 -1
2240 -1 -1
2241 -1 -1
2242 49552684 22102
2243 2074775 925
2244 -1 -1
2245 -1 -1
2246 -1 -1
2247 -1 -1
2248 -1 -1
2249 -1 -1
2250 -1 -1
2251 -1 -1
2252 -1 -1
2253 -1 -1
2254 252097398184492 111844453498
2255 -1 -1
2256 -1 -1
2257 42590709472 18870496
2258 -1 -1
2259 -1 -1
2260 5771768800 2553880
2261 -1 -1
2262 -1 -1
2263 5816091040 2570080
2264 -1 -1
2265 -1 -1
2266 -1 -1
2267 -1 -1
2268 -1 -1
2269 -1 -1
2270 -1 -1
2271 -1 -1
2272 16905952 7441
2273 -1 -1
2274 -1 -1
2275 -1 -1
2276 -1 -1
2277 -1 -1
2278 619087504 271768
2279 -1 -1
2280 -1 -1
2281 357967083556 156934276
2282 -1 -1
2283 -1 -1
2284 282871153571800 123849016450
2285 -1 -1
2286 -1 -1
2287 -1 -1
2288 -1 -1
2289 -1 -1
2290 3778055740 1649806
2291 -1 -1
2292 -1 -1
2293 4727632409728 2061767296
2294 -1 -1
2295 -1 -1
2296 2296 1
2297 -1 -1
2298 -1 -1
2299 89201200 38800
2300 -1 -1
2301 -1 -1
2302 -1 -1
2303 -1 -1
2304 -1 -1
2305 444182862910 192704062
2306 -1 -1
2307 -1 -1
2308 3165984108784 1371743548
2309 -1 -1
2310 -1 -1
2311 1876071206327452595847351533038970647150036 811800608536327388943033982275625550476
2312 -1 -1
2313 -1 -1
2314 -1 -1
2315 -1 -1
2316 -1 -1
2317 8267056 3568
2318 -1 -1
2319 -1 -1
2320 8751040 3772
2321 -1 -1
2322 -1 -1
2323 -1 -1
2324 9853760 4240
2325 -1 -1
2326 591269200 254200
2327 -1 -1
2328 -1 -1
2329 -1 -1
2330 -1 -1
2331 -1 -1
2332 282172 121
2333 -1 -1
2334 -1 -1
2335 -1 -1
2336 -1 -1
2337 -1 -1
2338 820577212 350974
2339 -1 -1
2340 -1 -1
2341 166764329356727825248 71236364526581728
2342 -1 -1
2343 -1 -1
2344 1480103997640 631443685
2345 -1 -1
2346 -1 -1
2347 -1 -1
2348 -1 -1
2349 -1 -1
2350 -1 -1
2351 -1 -1
2352 -1 -1
2353 -1 -1
2354 -1 -1
2355 -1 -1
2356 -1 -1
2357 -1 -1
2358 -1 -1
2359 19882308692740301752 8428278377592328
2360 30587960 12961
2361 -1 -1
2362 5905000 2500
2363 -1 -1
2364 -1 -1
2365 30639002218330 12955180642
2366 -1 -1
2367 -1 -1
2368 33972825731584 14346632488
2369 -1 -1
2370 -1 -1
2371 358326096927406 151128678586
2372 -1 -1
2373 -1 -1
2374 4659377055892 1962669358
2375 -1 -1
2376 -1 -1
2377 -1 -1
2378 -1 -1
2379 -1 -1
2380 -1 -1
2381 -1 -1
2382 -1 -1
2383 1866096329509037894236 783087003570725092
2384 -1 -1
2385 -1 -1
2386 49558780444 20770654
2387 610281053228 255668644
2388 -1 -1
2389 2443199461297264 1022687091376
2390 -1 -1
2391 -1 -1
2392 6798064 2842
2393 -1 -1
2394 -1 -1
2395 -1 -1
2396 -1 -1
2397 -1 -1
2398 -1 -1
2399 -1 -1
2400 -1 -1
2401 42607226911606 17745617206
2402 -1 -1
2403 -1 -1
2404 2404 1
2405 -1 -1
2406 -1 -1
2407 40926605696368 17003159824
2408 -1 -1
2409 -1 -1
2410 -1 -1
2411 -1 -1
2412 -1 -1
2413 -1 -1
2414 -1 -1
2415 -1 -1
2416 2060848 853
2417 -1 -1
2418 -1 -1
2419 -1 -1
2420 -1 -1
2421 -1 -1
2422 -1 -1
2423 -1 -1
2424 -1 -1
2425 25499451931750 10515237910
2426 -1 -1
2427 -1 -1
2428 -1 -1
2429 -1 -1
2430 -1 -1
2431 -1 -1
2432 -1 -1
2433 -1 -1
2434 -1 -1
2435 -1 -1
2436 -1 -1
2437 44825046418042 18393535666
2438 -1 -1
2439 -1 -1
2440 2440 1
2441 -1 -1
2442 -1 -1
2443 -1 -1
2444 -1 -1
2445 -1 -1
2446 282126912225808 115342155448
2447 -1 -1
2448 -1 -1
2449 -1 -1
2450 -1 -1
2451 -1 -1
2452 44189825554646273476 18021951694390813
2453 -1 -1
2454 -1 -1
2455 -1 -1
2456 -1 -1
2457 -1 -1
2458 -1 -1
2459 -1 -1
2460 -1 -1
2461 -1 -1
2462 -1 -1
2463 -1 -1
2464 17505195192307669827904 7104381165709281586
2465 -1 -1
2466 -1 -1
2467 -1 -1
2468 11675636464149524 4730808940093
2469 -1 -1
2470 629074420 254686
2471 -1 -1
2472 -1 -1
2473 3517606002064 1422404368
2474 -1 -1
2475 -1 -1
2476 82208152 33202
2477 -1 -1
2478 -1 -1
2479 -1 -1
2480 -1 -1
2481 -1 -1
2482 34336554863980 13834228390
2483 -1 -1
2484 -1 -1
2485 -1 -1
2486 -1 -1
2487 -1 -1
2488 93041248 37396
2489 -1 -1
2490 -1 -1
2491 214041284242190227042 85925846745158662
2492 -1 -1
2493 -1 -1
2494 -1 -1
2495 5327786722700 2135385460
2496 -1 -1
2497 73316914 29362
2498 -1 -1
2499 -1 -1
2500 6835000 2734
2501 -1 -1
2502 -1 -1
2503 -1 -1
2504 -1 -1
2505 -1 -1
2506 14659726173852804940 5849850827554990
2507 -1 -1
2508 -1 -1
2509 6995092 2788
2510 -1 -1
2511 -1 -1
2512 2564752 1021
2513 -1 -1
2514 -1 -1
2515 94458370 37558
2516 -1 -1
2517 -1 -1
2518 397210284868 157748326
2519 -1 -1
2520 -1 -1
2521 -1 -1
2522 590733452036 234232138
2523 -1 -1
2524 32812 13
2525 -1 -1
2526 -1 -1
2527 -1 -1
2528 -1 -1
2529 -1 -1
2530 -1 -1
2531 -1 -1
2532 -1 -1
2533 -1 -1
2534 -1 -1
2535 -1 -1
2536 -1 -1
2537 -1 -1
2538 -1 -1
2539 -1 -1
2540 -1 -1
2541 -1 -1
2542 6034708 2374
2543 -1 -1
2544 -1 -1
2545 6499930 2554
2546 -1 -1
2547 -1 -1
2548 2548 1
2549 784286516 307684
2550 -1 -1
2551 -1 -1
2552 -1 -1
2553 -1 -1
2554 -1 -1
2555 -1 -1
2556 -1 -1
2557 -1 -1
2558 -1 -1
2559 -1 -1
2560 -1 -1
2561 -1 -1
2562 -1 -1
2563 -1 -1
2564 52885064 20626
2565 -1 -1
2566 4234067919040 1650065440
2567 -1 -1
2568 -1 -1
2569 1695069608907539872 659816897200288
2570 -1 -1
2571 -1 -1
2572 28520908 11089
2573 -1 -1
2574 -1 -1
2575 -1 -1
2576 -1 -1
2577 -1 -1
2578 74720752 28984
2579 -1 -1
2580 -1 -1
2581 -1 -1
2582 -1 -1
2583 -1 -1
2584 -1 -1
2585 64398569510 24912406
2586 -1 -1
2587 -1 -1
2588 -1 -1
2589 -1 -1
2590 419010158560 161779984
2591 -1 -1
2592 -1 -1
2593 -1 -1
2594 -1 -1
2595 -1 -1
2596 2027476 781
2597 -1 -1
2598 -1 -1
2599 79250264095211180640458338 30492598728438314982862
2600 -1 -1
2601 -1 -1
2602 -1 -1
2603 -1 -1
2604 -1 -1
2605 1916792095525895456530 735812704616466586
2606 -1 -1
2607 -1 -1
2608 -1 -1
2609 -1 -1
2610 -1 -1
2611 -1 -1
2612 9711416 3718
2613 -1 -1
2614 2498895897863867584 955966296045856
2615 -1 -1
2616 -1 -1
2617 227448676584046300 86911989523900
2618 65402876 24982
2619 -1 -1
2620 37821812238760 14435806198
2621 -1 -1
2622 -1 -1
2623 -1 -1
2624 2049344 781
2625 -1 -1
2626 46013454760 17522260
2627 -1 -1
2628 -1 -1
2629 -1 -1
2630 -1 -1
2631 -1 -1
2632 34216 13
2633 -1 -1
2634 -1 -1
2635 -1 -1
2636 -1 -1
2637 -1 -1
2638 -1 -1
2639 65226542654 24716386
2640 -1 -1
2641 -1 -1
2642 -1 -1
2643 -1 -1
2644 5421437392 2050468
2645 -1 -1
2646 -1 -1
2647 2182672886860779124 824583636894892
2648 -1 -1
2649 -1 -1
2650 -1 -1
2651 -1 -1
2652 -1 -1
2653 -1 -1
2654 -1 -1
2655 -1 -1
2656 2656 1
2657 -1 -1
2658 -1 -1
2659 -1 -1
2660 -1 -1
2661 -1 -1
2662 522087412 196126
2663 -1 -1
2664 -1 -1
2665 -1 -1
2666 -1 -1
2667 -1 -1
2668 2916124 1093
2669 -1 -1
2670 -1 -1
2671 -1 -1
2672 -1 -1
2673 -1 -1
2674 -1 -1
2675 7365773000 2753560
2676 -1 -1
2677 -1 -1
2678 -1 -1
2679 -1 -1
2680 23029240 8593
2681 -1 -1
2682 -1 -1
2683 -1 -1
2684 -1 -1
2685 -1 -1
2686 3559343743845016 1325146591156
2687 4532991111016682 1687008228886
2688 -1 -1
2689 -1 -1
2690 -1 -1
2691 -1 -1
2692 2692 1
2693 50651319966806 18808510942
2694 -1 -1
2695 -1 -1
2696 -1 -1
2697 -1 -1
2698 -1 -1
2699 -1 -1
2700 -1 -1
2701 -1 -1
2702 5723452164080 2118228040
2703 -1 -1
2704 374972732992 138673348
2705 -1 -1
2706 -1 -1
2707 26549058463047040 9807557614720
2708 -1 -1
2709 -1 -1
2710 -1 -1
2711 -1 -1
2712 -1 -1
2713 -1 -1
2714 72477098600 26704900
2715 -1 -1
2716 263452 97
2717 -1 -1
2718 -1 -1
2719 -1 -1
2720 -1 -1
2721 -1 -1
2722 782575000 287500
2723 -1 -1
2724 -1 -1
2725 373642923944647083193108248531550 137116669337485168144259907718
2726 -1 -1
2727 -1 -1
2728 -1 -1
2729 72285113414 26487766
2730 -1 -1
2731 6188446 2266
2732 -1 -1
2733 -1 -1
2734 6835000 2500
2735 -1 -1
2736 -1 -1
2737 -1 -1
2738 -1 -1
2739 -1 -1
2740 409504682548960 149454263704
2741 1970490612552842226710 718894787505597310
2742 -1 -1
2743 217868114668043398 79426946652586
2744 -1 -1
2745 -1 -1
2746 -1 -1
2747 5325760204760 1938755080
2748 -1 -1
2749 -1 -1
2750 -1 -1
2751 -1 -1
2752 -1 -1
2753 -1 -1
2754 -1 -1
2755 -1 -1
2756 3673748 1333
2757 -1 -1
2758 6053103952 2194744
2759 -1 -1
2760 -1 -1
2761 -1 -1
2762 -1 -1
2763 -1 -1
2764 -1 -1
2765 -1 -1
2766 -1 -1
2767 -1 -1
2768 -1 -1
2769 -1 -1
2770 -1 -1
2771 -1 -1
2772 -1 -1
2773 -1 -1
2774 -1 -1
2775 -1 -1
2776 36088 13
2777 -1 -1
2778 -1 -1
2779 201115628565902050 72369783578950
2780 -1 -1
2781 -1 -1
2782 -1 -1
2783 -1 -1
2784 -1 -1
2785 8483110 3046
2786 -1 -1
2787 -1 -1
2788 3077692850955928 1103907048406
2789 -1 -1
2790 -1 -1
2791 -1 -1
2792 -1 -1
2793 -1 -1
2794 -1 -1
2795 12001730 4294
2796 -1 -1
2797 -1 -1
2798 -1 -1
2799 -1 -1
2800 2800 1
2801 -1 -1
2802 -1 -1
2803 -1 -1
2804 -1 -1
2805 -1 -1
2806 -1 -1
2807 -1 -1
2808 -1 -1
2809 -1 -1
2810 -1 -1
2811 -1 -1
2812 3073516 1093
2813 -1 -1
2814 -1 -1
2815 46180075000 16405000
2816 -1 -1
2817 -1 -1
2818 -1 -1
2819 131032490312525466060611660 46481905041690481043140
2820 -1 -1
2821 -1 -1
2822 77223612344 27364852
2823 -1 -1
2824 528088000 187000
2825 -1 -1
2826 -1 -1
2827 -1 -1
2828 -1 -1
2829 -1 -1
2830 4766972139160 1684442452
2831 -1 -1
2832 -1 -1
2833 4592615219720911926538394369548 1621113737988320482364417356
2834 -1 -1
2835 -1 -1
2836 93701440 33040
2837 -1 -1
2838 -1 -1
2839 6849212416 2412544
2840 -1 -1
2841 -1 -1
2842 -1 -1
2843 -1 -1
2844 -1 -1
2845 -1 -1
2846 10735112 3772
2847 -1 -1
2848 200790169648866247552 70502166309292924
2849 11259248 3952
2850 -1 -1
2851 227244291872800630 79706871930130
2852 -1 -1
2853 -1 -1
2854 -1 -1
2855 -1 -1
2856 -1 -1
2857 792074680 277240
2858 -1 -1
2859 -1 -1
2860 44277015640 15481474
2861 -1 -1
2862 -1 -1
2863 3157332568803952 1102805647504
2864 -1 -1
2865 -1 -1
2866 83068144 28984
2867 -1 -1
2868 -1 -1
2869 -1 -1
2870 -1 -1
2871 -1 -1
2872 -1 -1
2873 5647913303474 1965859138
2874 -1 -1
2875 -1 -1
2876 9010973912 3133162
2877 -1 -1
2878 304189991254732 105694923994
2879 -1 -1
2880 -1 -1
2881 -1 -1
2882 -1 -1
2883 -1 -1
2884 -1 -1
2885 -1 -1
2886 -1 -1
2887 80321686563691160316337333764746730014702263480 27821851944472171914214525031086501563804040
2888 -1 -1
2889 -1 -1
2890 472480799740 163488166
2891 -1 -1
2892 -1 -1
2893 -1 -1
2894 -1 -1
2895 -1 -1
2896 83091358865995600 28691767564225
2897 -1 -1
2898 -1 -1
2899 -1 -1
2900 8186555000 2822950
2901 -1 -1
2902 848585428 292414
2903 5315737353860 1831118620
2904 -1 -1
2905 586112800 201760
2906 -1 -1
2907 -1 -1
2908 2908 1
2909 -1 -1
2910 -1 -1
2911 -1 -1
2912 -1 -1
2913 -1 -1
2914 214530621023180380 73620666102670
2915 -1 -1
2916 -1 -1
2917 -1 -1
2918 -1 -1
2919 -1 -1
2920 2920 1
2921 -1 -1
2922 -1 -1
2923 45640639822 15614314
2924 -1 -1
2925 -1 -1
2926 -1 -1
2927 -1 -1
2928 -1 -1
2929 -1 -1
2930 -1 -1
2931 -1 -1
2932 1303418761636 444549373
2933 -1 -1
2934 -1 -1
2935 -1 -1
2936 -1 -1
2937 -1 -1
2938 -1 -1
2939 -1 -1
2940 -1 -1
2941 460851911932 156699052
2942 -1 -1
2943 -1 -1
2944 -1 -1
2945 -1 -1
2946 -1 -1
2947 103787446 35218
2948 -1 -1
2949 -1 -1
2950 -1 -1
2951 -1 -1
2952 -1 -1
2953 -1 -1
2954 1178427414386446249345410188 398926003516061695783822
2955 -1 -1
2956 106658392 36082
2957 -1 -1
2958 -1 -1
2959 -1 -1
2960 -1 -1
2961 -1 -1
2962 -1 -1
2963 -1 -1
2964 -1 -1
2965 -1 -1
2966 -1 -1
2967 -1 -1
2968 619659040 208780
2969 -1 -1
2970 -1 -1
2971 -1 -1
2972 -1 -1
2973 -1 -1
2974 -1 -1
2975 -1 -1
2976 -1 -1
2977 1425662859341607590470 478892461989119110
2978 -1 -1
2979 -1 -1
2980 -1 -1
2981 -1 -1
2982 -1 -1
2983 -1 -1
2984 -1 -1
2985 -1 -1
2986 5667451888 1898008
2987 -1 -1
2988 -1 -1
2989 -1 -1
2990 -1 -1
2991 -1 -1
2992 9275200 3100
2993 64729730720 21627040
2994 -1 -1
2995 3637114911850 1214395630
2996 -1 -1
2997 -1 -1
2998 -1 -1
2999 -1 -1
3000 -1 -1
3001 -1 -1
3002 -1 -1
3003 -1 -1
3004 -1 -1
3005 -1 -1
3006 -1 -1
3007 -1 -1
3008 -1 -1
3009 -1 -1
3010 106493800 35380
3011 -1 -1
3012 -1 -1
3013 595212124 197548
3014 -1 -1
3015 -1 -1
3016 -1 -1
3017 -1 -1
3018 -1 -1
3019 -1 -1
3020 365420 121
3021 -1 -1
3022 -1 -1
3023 -1 -1
3024 -1 -1
3025 -1 -1
3026 -1 -1
3027 -1 -1
3028 3028 1
3029 -1 -1
3030 -1 -1
3031 34316073985144 11321700424
3032 86520345488 28535734
3033 -1 -1
3034 -1 -1
3035 -1 -1
3036 -1 -1
3037 892981258 294034
3038 -1 -1
3039 -1 -1
3040 -1 -1
3041 -1 -1
3042 -1 -1
3043 38542596055288 12665986216
3044 -1 -1
3045 -1 -1
3046 9278116 3046
3047 -1 -1
3048 -1 -1
3049 7787146 2554
3050 -1 -1
3051 -1 -1
3052 -1 -1
3053 -1 -1
3054 -1 -1
3055 -1 -1
3056 -1 -1
3057 -1 -1
3058 304672460227564 99631281958
3059 758204651582 247860298
3060 -1 -1
3061 -1 -1
3062 -1 -1
3063 -1 -1
3064 -1 -1
3065 -1 -1
3066 -1 -1
3067 -1 -1
3068 -1 -1
3069 -1 -1
3070 -1 -1
3071 -1 -1
3072 -1 -1
3073 81877012 26644
3074 491498794539572 159889002778
3075 -1 -1
3076 2623828 853
3077 -1 -1
3078 -1 -1
3079 40051368924082 13007914558
3080 -1 -1
3081 -1 -1
3082 -1 -1
3083 6264949544762 2032095214
3084 -1 -1
3085 5055167380 1638628
3086 -1 -1
3087 -1 -1
3088 8609344 2788
3089 -1 -1
3090 -1 -1
3091 -1 -1
3092 -1 -1
3093 -1 -1
3094 -1 -1
3095 -1 -1
3096 -1 -1
3097 604391938 195154
3098 -1 -1
3099 -1 -1
3100 9275200 2992
3101 -1 -1
3102 -1 -1
3103 455377935064 146754088
3104 -1 -1
3105 -1 -1
3106 -1 -1
3107 -1 -1
3108 -1 -1
3109 -1 -1
3110 8431906640 2711224
3111 -1 -1
3112 15404365768 4949989
3113 -1 -1
3114 -1 -1
3115 8684620 2788
3116 68869832 22102
3117 -1 -1
3118 -1 -1
3119 -1 -1
3120 -1 -1
3121 -1 -1
3122 579732888550508 185692789414
3123 -1 -1
3124 -1 -1
3125 64456250 20626
3126 -1 -1
3127 -1 -1
3128 -1 -1
3129 -1 -1
3130 -1 -1
3131 -1 -1
3132 -1 -1
3133 -1 -1
3134 -1 -1
3135 -1 -1
3136 3136 1
3137 -1 -1
3138 -1 -1
3139 -1 -1
3140 -1 -1
3141 -1 -1
3142 -1 -1
3143 -1 -1
3144 -1 -1
3145 -1 -1
3146 -1 -1
3147 -1 -1
3148 -1 -1
3149 5331655401736994 1693126516906
3150 -1 -1
3151 1689742567764198634462 536255971997524162
3152 66034400 20950
3153 -1 -1
3154 -1 -1
3155 -1 -1
3156 -1 -1
3157 -1 -1
3158 -1 -1
3159 -1 -1
3160 9830408835510520 3110888871997
3161 -1 -1
3162 -1 -1
3163 -1 -1
3164 382844 121
3165 -1 -1
3166 -1 -1
3167 -1 -1
3168 -1 -1
3169 12146205240537617486774968 3832819577323325177272
3170 -1 -1
3171 -1 -1
3172 3172 1
3173 -1 -1
3174 -1 -1
3175 -1 -1
3176 -1 -1
3177 -1 -1
3178 59654841820 18771190
3179 -1 -1
3180 -1 -1
3181 292222515278075290 91864984369090
3182 77707125608 24420844
3183 -1 -1
3184 6072658528 1907242
3185 -1 -1
3186 -1 -1
3187 -1 -1
3188 -1 -1
3189 -1 -1
3190 110393140 34606
3191 98921000 31000
3192 -1 -1
3193 3748260988552 1173899464
3194 -1 -1
3195 -1 -1
3196 -1 -1
3197 -1 -1
3198 -1 -1
3199 -1 -1
3200 -1 -1
3201 -1 -1
3202 -1 -1
3203 1033479980 322660
3204 -1 -1
3205 -1 -1
3206 -1 -1
3207 -1 -1
3208 -1 -1
3209 -1 -1
3210 -1 -1
3211 -1 -1
3212 960905852262118778444 299161224241008337
3213 -1 -1
3214 -1 -1
3215 -1 -1
3216 -1 -1
3217 -1 -1
3218 505262615922896 157011378472
3219 -1 -1
3220 11524332476020 3578985241
3221 -1 -1
3222 -1 -1
3223 -1 -1
3224 -1 -1
3225 -1 -1
3226 -1 -1
3227 -1 -1
3228 -1 -1
3229 241224609942560470 74705670468430
3230 86543050220 26793514
3231 -1 -1
3232 604384000 187000
3233 -1 -1
3234 -1 -1
3235 -1 -1
3236 -1 -1
3237 -1 -1
3238 -1 -1
3239 812859440 250960
3240 -1 -1
3241 -1 -1
3242 -1 -1
3243 -1 -1
3244 -1 -1
3245 68426919110 21086878
3246 -1 -1
3247 316991644806928 97626007024
3248 -1 -1
3249 -1 -1
3250 -1 -1
3251 -1 -1
3252 -1 -1
3253 -1 -1
3254 72447056 22264
3255 -1 -1
3256 457152415456 140403076
3257 8169018494 2508142
3258 -1 -1
3259 -1 -1
3260 -1 -1
3261 -1 -1
3262 -1 -1
3263 -1 -1
3264 -1 -1
3265 -1 -1
3266 -1 -1
3267 -1 -1
3268 -1 -1
3269 -1 -1
3270 -1 -1
3271 -1 -1
3272 5648597993360 1726344130
3273 -1 -1
3274 -1 -1
3275 183516929488043567808071123566129633537898750 56035703660471318414678205669047216347450
3276 -1 -1
3277 -1 -1
3278 -1 -1
3279 -1 -1
3280 3280 1
3281 10171100 3100
3282 -1 -1
3283 -1 -1
3284 319483940 97285
3285 -1 -1
3286 286094942653557328 87064802998648
3287 -1 -1
3288 -1 -1
3289 -1 -1
3290 -1 -1
3291 -1 -1
3292 118781944 36082
3293 14140142 4294
3294 -1 -1
3295 934305527592108806087641660 283552512167559576961348
3296 -1 -1
3297 -1 -1
3298 -1 -1
3299 -1 -1
3300 -1 -1
3301 -1 -1
3302 -1 -1
3303 -1 -1
3304 -1 -1
3305 -1 -1
3306 -1 -1
3307 -1 -1
3308 400268 121
3309 -1 -1
3310 125021674849794355040080 37770898746161436568
3311 -1 -1
3312 -1 -1
3313 4338097149418 1309416586
3314 -1 -1
3315 -1 -1
3316 -1 -1
3317 -1 -1
3318 -1 -1
3319 -1 -1
3320 274025897720 82537921
3321 -1 -1
3322 129431764 38962
3323 -1 -1
3324 -1 -1
3325 -1 -1
3326 -1 -1
3327 -1 -1
3328 -1 -1
3329 -1 -1
3330 -1 -1
3331 185087023593078238342 55565002579729282
3332 -1 -1
3333 -1 -1
3334 -1 -1
3335 9414538250 2822950
3336 -1 -1
3337 -1 -1
3338 11797636531553831100307966839990045150139788780920 3534342879434940413513471192327754688478067340
3339 -1 -1
3340 542265439480 162354922
3341 -1 -1
3342 -1 -1
3343 -1 -1
3344 -1 -1
3345 -1 -1
3346 -1 -1
3347 4035337610682324896 1205658085055968
3348 -1 -1
3349 -1 -1
3350 -1 -1
3351 -1 -1
3352 -1 -1
3353 -1 -1
3354 -1 -1
3355 -1 -1
3356 45802978844384 13648086664
3357 -1 -1
3358 -1 -1
3359 -1 -1
3360 -1 -1
3361 -1 -1
3362 -1 -1
3363 -1 -1
3364 -1 -1
3365 86851962350 25810390
3366 -1 -1
3367 544713206128 161779984
3368 -1 -1
3369 -1 -1
3370 -1 -1
3371 -1 -1
3372 -1 -1
3373 -1 -1
3374 62427506960672 18502521328
3375 -1 -1
3376 2879728 853
3377 -1 -1
3378 -1 -1
3379 -1 -1
3380 -1 -1
3381 -1 -1
3382 -1 -1
3383 856122278 253066
3384 -1 -1
3385 -1 -1
3386 -1 -1
3387 -1 -1
3388 3388 1
3389 -1 -1
3390 -1 -1
3391 36230228846950 10684231450
3392 -1 -1
3393 -1 -1
3394 -1 -1
3395 -1 -1
3396 -1 -1
3397 -1 -1
3398 78588944 23128
3399 -1 -1
3400 -1 -1
3401 1083959918 318718
3402 -1 -1
3403 -1 -1
3404 -1 -1
3405 -1 -1
3406 -1 -1
3407 -1 -1
3408 -1 -1
3409 -1 -1
3410 583079610080 170991088
3411 -1 -1
3412 -1 -1
3413 -1 -1
3414 -1 -1
3415 -1 -1
3416 44408 13
3417 -1 -1
3418 -1 -1
3419 12014366 3514
3420 -1 -1
3421 9378738136251475399030841548 2741519478588563402230588
3422 -1 -1
3423 -1 -1
3424 3424 1
3425 -1 -1
3426 -1 -1
3427 -1 -1
3428 4569524 1333
3429 -1 -1
3430 -1 -1
3431 -1 -1
3432 -1 -1
3433 -1 -1
3434 -1 -1
3435 -1 -1
3436 123977752 36082
3437 1131439778 329194
3438 -1 -1
3439 1686333167702020355146 490355675400413014
3440 -1 -1
3441 -1 -1
3442 -1 -1
3443 84000647588 24397516
3444 -1 -1
3445 -1 -1
3446 -1 -1
3447 -1 -1
3448 684496960 198520
3449 -1 -1
3450 -1 -1
3451 -1 -1
3452 -1 -1
3453 -1 -1
3454 -1 -1
3455 540927571987940 156563696668
3456 -1 -1
3457 -1 -1
3458 -1 -1
3459 -1 -1
3460 -1 -1
3461 -1 -1
3462 -1 -1
3463 -1 -1
3464 6835518128 1973302
3465 -1 -1
3466 51832068244 14954434
3467 -1 -1
3468 -1 -1
3469 -1 -1
3470 -1 -1
3471 -1 -1
3472 120152032 34606
3473 3920135041589726 1128746052862
3474 -1 -1
3475 61266341950 17630602
3476 -1 -1
3477 -1 -1
3478 -1 -1
3479 -1 -1
3480 -1 -1
3481 -1 -1
3482 -1 -1
3483 -1 -1
3484 58654275784 16835326
3485 -1 -1
3486 -1 -1
3487 -1 -1
3488 -1 -1
3489 -1 -1
3490 -1 -1
3491 46814761546886 13410129346
3492 -1 -1
3493 1862926236628519126750 533331301639999750
3494 -1 -1
3495 -1 -1
3496 -1 -1
3497 -1 -1
3498 -1 -1
3499 -1 -1
3500 3825500 1093
3501 -1 -1
3502 -1 -1
3503 -1 -1
3504 -1 -1
3505 -1 -1
3506 -1 -1
3507 -1 -1
3508 -1 -1
3509 11699006 3334
3510 -1 -1
3511 42776825133940 12183658540
3512 -1 -1
3513 -1 -1
3514 -1 -1
3515 -1 -1
3516 -1 -1
3517 -1 -1
3518 7448541788 2117266
3519 -1 -1
3520 -1 -1
3521 -1 -1
3522 -1 -1
3523 -1 -1
3524 380666379207938244756171428 108021106472173168205497
3525 -1 -1
3526 129129172 36622
3527 885135920 250960
3528 -1 -1
3529 503981317672 142811368
3530 -1 -1
3531 -1 -1
3532 3532 1
3533 -1 -1
3534 -1 -1
3535 -1 -1
3536 -1 -1
3537 -1 -1
3538 -1 -1
3539 -1 -1
3540 -1 -1
3541 -1 -1
3542 -1 -1
3543 -1 -1
3544 -1 -1
3545 34632713133514680470 9769453634277766
3546 -1 -1
3547 9250576 2608
3548 -1 -1
3549 -1 -1
3550 -1 -1
3551 -1 -1
3552 -1 -1
3553 -1 -1
3554 6487341552032 1825363408
3555 -1 -1
3556 14437360 4060
3557 -1 -1
3558 -1 -1
3559 -1 -1
3560 -1 -1
3561 -1 -1
3562 -1 -1
3563 -1 -1
3564 -1 -1
3565 1222153300 342820
3566 6865675907444 1925315734
3567 -1 -1
3568 -1 -1
3569 -1 -1
3570 -1 -1
3571 -1 -1
3572 4504292 1261
3573 -1 -1
3574 5728500124 1602826
3575 -1 -1
3576 -1 -1
3577 -1 -1
3578 -1 -1
3579 -1 -1
3580 129173560 36082
3581 -1 -1
3582 -1 -1
3583 -1 -1
3584 -1 -1
3585 -1 -1
3586 -1 -1
3587 -1 -1
3588 -1 -1
3589 -1 -1
3590 113810180 31702
3591 -1 -1
3592 -1 -1
3593 -1 -1
3594 -1 -1
3595 -1 -1
3596 -1 -1
3597 -1 -1
3598 -1 -1
3599 -1 -1
3600 -1 -1
3601 3264697442363344 906608564944
3602 -1 -1
3603 -1 -1
3604 -1 -1
3605 -1 -1
3606 -1 -1
3607 130732108 36244
3608 76589967344 21227818
3609 -1 -1
3610 130256020 36082
3611 -1 -1
3612 -1 -1
3613 -1 -1
3614 -1 -1
3615 -1 -1
3616 -1 -1
3617 -1 -1
3618 -1 -1
3619 45342451 12529
3620 -1 -1
3621 -1 -1
3622 -1 -1
3623 -1 -1
3624 -1 -1
3625 -1 -1
3626 14329952 3952
3627 -1 -1
3628 -1 -1
3629 -1 -1
3630 -1 -1
3631 -1 -1
3632 -1 -1
3633 -1 -1
3634 -1 -1
3635 -1 -1
3636 -1 -1
3637 -1 -1
3638 -1 -1
3639 -1 -1
3640 3640 1
3641 10562592915932478213330334676 2901014258701586985259636
3642 -1 -1
3643 -1 -1
3644 3982892 1093
3645 -1 -1
3646 220650671324134 60518560429
3647 -1 -1
3648 -1 -1
3649 -1 -1
3650 1023752000 280480
3651 -1 -1
3652 3652 1
3653 -1 -1
3654 -1 -1
3655 -1 -1
3656 -1 -1
3657 -1 -1
3658 -1 -1
3659 -1 -1
3660 -1 -1
3661 -1 -1
3662 10407404 2842
3663 -1 -1
3664 -1 -1
3665 -1 -1
3666 -1 -1
3667 -1 -1
3668 -1 -1
3669 -1 -1
3670 -1 -1
3671 15301719571843599332091044 4168270109464341959164
3672 -1 -1
3673 -1 -1
3674 13108832 3568
3675 -1 -1
3676 -1 -1
3677 -1 -1
3678 -1 -1
3679 -1 -1
3680 -1 -1
3681 -1 -1
3682 29283104444479396 7953043032178
3683 -1 -1
3684 -1 -1
3685 -1 -1
3686 76624568 20788
3687 -1 -1
3688 -1 -1
3689 -1 -1
3690 -1 -1
3691 -1 -1
3692 -1 -1
3693 -1 -1
3694 -1 -1
3695 -1 -1
3696 -1 -1
3697 -1 -1
3698 908007868396492427494304450384 245540256462004442264549608
3699 -1 -1
3700 1091076862736916918100 294885638577545113
3701 9535248998 2576398
3702 -1 -1
3703 -1 -1
3704 -1 -1
3705 -1 -1
3706 -1 -1
3707 43919538430419212 11847730895716
3708 -1 -1
3709 7190527030 1938670
3710 -1 -1
3711 -1 -1
3712 -1 -1
3713 -1 -1
3714 -1 -1
3715 -1 -1
3716 3442862852 926497
3717 -1 -1
3718 134755192 36244
3719 -1 -1
3720 -1 -1
3721 -1 -1
3722 -1 -1
3723 -1 -1
3724 -1 -1
3725 1288581450718167673679849900 345927906233065147296604
3726 -1 -1
3727 101580652180 27255340
3728 -1 -1
3729 -1 -1
3730 -1 -1
3731 -1 -1
3732 -1 -1
3733 -1 -1
3734 -1 -1
3735 -1 -1
3736 11851959376 3172366
3737 -1 -1
3738 -1 -1
3739 -1 -1
3740 -1 -1
3741 -1 -1
3742 -1 -1
3743 13916474 3718
3744 -1 -1
3745 6234541180 1664764
3746 -1 -1
3747 -1 -1
3748 -1 -1
3749 -1 -1
3750 -1 -1
3751 -1 -1
3752 48776 13
3753 -1 -1
3754 -1 -1
3755 -1 -1
3756 -1 -1
3757 -1 -1
3758 -1 -1
3759 -1 -1
3760 3760 1
3761 -1 -1
3762 -1 -1
3763 -1 -1
3764 -1 -1
3765 -1 -1
3766 -1 -1
3767 -1 -1
3768 -1 -1
3769 -1 -1
3770 10642521500 2822950
3771 -1 -1
3772 8751040 2320
3773 -1 -1
3774 -1 -1
3775 -1 -1
3776 -1 -1
3777 -1 -1
3778 -1 -1
3779 3420046598814265082 905013654092158
3780 -1 -1
3781 -1 -1
3782 -1 -1
3783 -1 -1
3784 -1 -1
3785 -1 -1
3786 -1 -1
3787 -1 -1
3788 4140284 1093
3789 -1 -1
3790 1606960 424
3791 -1 -1
3792 -1 -1
3793 -1 -1
3794 -1 -1
3795 -1 -1
3796 -1 -1
3797 -1 -1
3798 -1 -1
3799 -1 -1
3800 -1 -1
3801 -1 -1
3802 -1 -1
3803 -1 -1
3804 -1 -1
3805 -1 -1
3806 54974907841172 14444274262
3807 -1 -1
3808 1751680 460
3809 410266681166026646 107709813905494
3810 -1 -1
3811 -1 -1
3812 -1 -1
3813 -1 -1
3814 -1 -1
3815 -1 -1
3816 -1 -1
3817 -1 -1
3818 -1 -1
3819 -1 -1
3820 -1 -1
3821 -1 -1
3822 -1 -1
3823 -1 -1
3824 5116949672096 1338114454
3825 -1 -1
3826 -1 -1
3827 -1 -1
3828 -1 -1
3829 -1 -1
3830 -1 -1
3831 -1 -1
3832 -1 -1
3833 2102123964708982696916 548427854085307252
3834 -1 -1
3835 -1 -1
3836 -1 -1
3837 -1 -1
3838 -1 -1
3839 -1 -1
3840 -1 -1
3841 -1 -1
3842 75605158148 19678594
3843 -1 -1
3844 16090984 4186
3845 -1 -1
3846 -1 -1
3847 -1 -1
3848 -1 -1
3849 -1 -1
3850 -1 -1
3851 720137000 187000
3852 -1 -1
3853 1236134872 320824
3854 -1 -1
3855 -1 -1
3856 -1 -1
3857 -1 -1
3858 -1 -1
3859 -1 -1
3860 10761680 2788
3861 -1 -1
3862 -1 -1
3863 -1 -1
3864 -1 -1
3865 -1 -1
3866 -1 -1
3867 -1 -1
3868 3868 1
3869 43018996121713400 11118892768600
3870 -1 -1
3871 -1 -1
3872 -1 -1
3873 -1 -1
3874 -1 -1
3875 -1 -1
3876 -1 -1
3877 -1 -1
3878 49756437548173412 12830437738054
3879 -1 -1
3880 169722192040 43742833
3881 3903776914037460686 1005868826085406
3882 -1 -1
3883 -1 -1
3884 -1 -1
3885 -1 -1
3886 -1 -1
3887 -1 -1
3888 -1 -1
3889 1894803205793138539972 487221189455679748
3890 -1 -1
3891 -1 -1
3892 -1 -1
3893 -1 -1
3894 -1 -1
3895 -1 -1
3896 50648 13
3897 -1 -1
3898 37988346071335745368 9745599299983516
3899 -1 -1
3900 -1 -1
3901 -1 -1
3902 -1 -1
3903 -1 -1
3904 3904 1
3905 7600871630 1946446
3906 -1 -1
3907 3524461723 902089
3908 -1 -1
3909 -1 -1
3910 -1 -1
3911 -1 -1
3912 -1 -1
3913 -1 -1
3914 52951504509164 13528744126
3915 -1 -1
3916 -1 -1
3917 -1 -1
3918 -1 -1
3919 -1 -1
3920 -1 -1
3921 -1 -1
3922 -1 -1
3923 12655598 3226
3924 -1 -1
3925 -1 -1
3926 574975695429044 146453310094
3927 -1 -1
3928 -1 -1
3929 -1 -1
3930 -1 -1
3931 -1 -1
3932 -1 -1
3933 -1 -1
3934 -1 -1
3935 -1 -1
3936 -1 -1
3937 -1 -1
3938 -1 -1
3939 -1 -1
3940 -1 -1
3941 822801980 208780
3942 -1 -1
3943 4845094610146 1228783822
3944 -1 -1
3945 -1 -1
3946 -1 -1
3947 -1 -1
3948 -1 -1
3949 -1 -1
3950 2507327598198018445700 634766480556460366
3951 -1 -1
3952 -1 -1
3953 395839569780083336620187481129749099600 100136496276266971065061341039653200
3954 -1 -1
3955 -1 -1
3956 -1 -1
3957 -1 -1
3958 -1 -1
3959 18611905845100698996230 4701163385981484970
3960 -1 -1
3961 -1 -1
3962 -1 -1
3963 -1 -1
3964 -1 -1
3965 -1 -1
3966 -1 -1
3967 -1 -1
3968 49167130880000 12390910000
3969 -1 -1
3970 -1 -1
3971 -1 -1
3972 -1 -1
3973 -1 -1
3974 -1 -1
3975 -1 -1
3976 -1 -1
3977 -1 -1
3978 -1 -1
3979 -1 -1
3980 4350140 1093
3981 -1 -1
3982 -1 -1
3983 -1 -1
3984 -1 -1
3985 -1 -1
3986 58719198163082636077394063275634504 14731359298314760681734586872964
3987 -1 -1
3988 -1 -1
3989 66938021530064 16780652176
3990 -1 -1
3991 -1 -1
3992 -1 -1
3993 -1 -1
3994 -1 -1
3995 37905432247286300 9488218334740
3996 -1 -1
3997 -1 -1
3998 -1 -1
3999 -1 -1
4000 -1 -1
4001 -1 -1
4002 -1 -1
4003 -1 -1
4004 84996183272 21227818
4005 -1 -1
4006 -1 -1
4007 -1 -1
4008 -1 -1
4009 -1 -1
4010 -1 -1
4011 -1 -1
4012 4012 1
4013 -1 -1
4014 -1 -1
4015 58753984300 14633620
4016 366986096 91381
4017 -1 -1
4018 -1 -1
4019 -1 -1
4020 -1 -1
4021 -1 -1
4022 25798978730268104240 6414465124382920
4023 -1 -1
4024 16120144 4006
4025 -1 -1
4026 -1 -1
4027 -1 -1
4028 -1 -1
4029 -1 -1
4030 137285980 34066
4031 27110856918833531228 6725590900231588
4032 -1 -1
4033 -1 -1
4034 -1 -1
4035 -1 -1
4036 -1 -1
4037 -1 -1
4038 -1 -1
4039 -1 -1
4040 -1 -1
4041 -1 -1
4042 -1 -1
4043 11490206 2842
4044 -1 -1
4045 -1 -1
4046 -1 -1
4047 -1 -1
4048 -1 -1
4049 -1 -1
4050 -1 -1
4051 -1 -1
4052 -1 -1
4053 -1 -1
4054 -1 -1
4055 -1 -1
4056 -1 -1
4057 -1 -1
4058 11825285754267480739022369204 2914067460391197816417538
4059 -1 -1
4060 -1 -1
4061 -1 -1
4062 -1 -1
4063 -1 -1
4064 -1 -1
4065 -1 -1
4066 -1 -1
4067 1844674616863774501839824 453571334365324441072
4068 -1 -1
4069 294868370685198749467600 72467036295207360400
4070 13725766810539669283395072020 3372424277773874516804686
4071 -1 -1
4072 -1 -1
4073 -1 -1
4074 -1 -1
4075 -1 -1
4076 -1 -1
4077 -1 -1
4078 -1 -1
4079 -1 -1
4080 -1 -1
4081 -1 -1
4082 -1 -1
4083 -1 -1
4084 94895554456 23235934
4085 7337329940 1796164
4086 -1 -1
4087 44378982044466370588 10858571579267524
4088 53144 13
4089 -1 -1
4090 -1 -1
4091 -1 -1
4092 -1 -1
4093 -1 -1
4094 736838120 179980
4095 -1 -1
4096 -1 -1
4097 35603245568275291952 8690077024231216
4098 -1 -1
4099 -1 -1
4100 -1 -1
4101 -1 -1
4102 -1 -1
4103 -1 -1
4104 -1 -1
4105 -1 -1
4106 -1 -1
4107 -1 -1
4108 -1 -1
4109 -1 -1
4110 -1 -1
4111 -1 -1
4112 1888679845712 459309301
4113 -1 -1
4114 189244 46
4115 -1 -1
4116 -1 -1
4117 -1 -1
4118 -1 -1
4119 -1 -1
4120 4120 1
4121 -1 -1
4122 -1 -1
4123 -1 -1
4124 4507532 1093
4125 -1 -1
4126 -1 -1
4127 -1 -1
4128 -1 -1
4129 -1 -1
4130 434720864172980 105259289146
4131 -1 -1
4132 -1 -1
4133 -1 -1
4134 -1 -1
4135 -1 -1
4136 -1 -1
4137 -1 -1
4138 -1 -1
4139 -1 -1
4140 -1 -1
4141 -1 -1
4142 -1 -1
4143 -1 -1
4144 303693040 73285
4145 -1 -1
4146 -1 -1
4147 -1 -1
4148 -1 -1
4149 -1 -1
4150 -1 -1
4151 -1 -1
4152 -1 -1
4153 -1 -1
4154 -1 -1
4155 -1 -1
4156 4156 1
4157 10392500 2500
4158 -1 -1
4159 23288891272153435960 5599637237834440
4160 -1 -1
4161 -1 -1
4162 -1 -1
4163 -1 -1
4164 -1 -1
4165 -1 -1
4166 346185117274145600 83097723781600
4167 -1 -1
4168 -1 -1
4169 -1 -1
4170 -1 -1
4171 -1 -1
4172 -1 -1
4173 -1 -1
4174 -1 -1
4175 -1 -1
4176 -1 -1
4177 2726912670321509572466512 652839997682908683856
4178 2707403848239294933200 648014324614479400
4179 -1 -1
4180 -1 -1
4181 -1 -1
4182 -1 -1
4183 -1 -1
4184 2715502003264884656 649020555273634
4185 -1 -1
4186 -1 -1
4187 -1 -1
4188 -1 -1
4189 -1 -1
4190 -1 -1
4191 -1 -1
4192 -1 -1
4193 -1 -1
4194 -1 -1
4195 54211659141813580 12922922322244
4196 -1 -1
4197 -1 -1
4198 -1 -1
4199 -1 -1
4200 -1 -1
4201 -1 -1
4202 -1 -1
4203 -1 -1
4204 -1 -1
4205 -1 -1
4206 -1 -1
4207 -1 -1
4208 -1 -1
4209 -1 -1
4210 -1 -1
4211 119052096050308005261805520 28271692246570412078320
4212 -1 -1
4213 -1 -1
4214 -1 -1
4215 -1 -1
4216 -1 -1
4217 -1 -1
4218 -1 -1
4219 -1 -1
4220 -1 -1
4221 -1 -1
4222 -1 -1
4223 -1 -1
4224 -1 -1
4225 -1 -1
4226 -1 -1
4227 -1 -1
4228 -1 -1
4229 -1 -1
4230 -1 -1
4231 -1 -1
4232 55016 13
4233 -1 -1
4234 266695426 62989
4235 -1 -1
4236 -1 -1
4237 -1 -1
4238 7492148300 1767850
4239 -1 -1
4240 -1 -1
4241 -1 -1
4242 -1 -1
4243 -1 -1
4244 -1 -1
4245 -1 -1
4246 -1 -1
4247 -1 -1
4248 -1 -1
4249 -1 -1
4250 385878313762668500 90794897355922
4251 -1 -1
4252 -1 -1
4253 -1 -1
4254 -1 -1
4255 -1 -1
4256 -1 -1
4257 -1 -1
4258 13059107164 3066958
4259 6060106636304 1422894256
4260 -1 -1
4261 -1 -1
4262 -1 -1
4263 -1 -1
4264 4264 1
4265 -1 -1
4266 -1 -1
4267 109306885600 25616800
4268 4664924 1093
4269 -1 -1
4270 -1 -1
4271 -1 -1
4272 -1 -1
4273 -1 -1
4274 317239566207314096 74225448340504
4275 -1 -1
4276 -1 -1
4277 -1 -1
4278 -1 -1
4279 -1 -1
4280 -1 -1
4281 -1 -1
4282 -1 -1
4283 -1 -1
4284 -1 -1
4285 1816840 424
4286 219364036750013262127964 51181529806349337874
4287 -1 -1
4288 -1 -1
4289 -1 -1
4290 -1 -1
4291 -1 -1
4292 561553228064 130837192
4293 -1 -1
4294 -1 -1
4295 -1 -1
4296 -1 -1
4297 -1 -1
4298 -1 -1
4299 -1 -1
4300 -1 -1
4301 235181648923958904266 54680690286900466
4302 -1 -1
4303 -1 -1
4304 -1 -1
4305 -1 -1
4306 -1 -1
4307 -1 -1
4308 -1 -1
4309 -1 -1
4310 44030151536234000 10215812421400
4311 -1 -1
4312 -1 -1
4313 -1 -1
4314 -1 -1
4315 -1 -1
4316 -1 -1
4317 -1 -1
4318 -1 -1
4319 -1 -1
4320 -1 -1
4321 -1 -1
4322 -1 -1
4323 -1 -1
4324 -1 -1
4325 -1 -1
4326 -1 -1
4327 881300513440 203674720
4328 210633827240 48667705
4329 -1 -1
4330 -1 -1
4331 -1 -1
4332 -1 -1
4333 -1 -1
4334 -1 -1
4335 -1 -1
4336 -1 -1
4337 -1 -1
4338 -1 -1
4339 9527673098548 2195822332
4340 -1 -1
4341 -1 -1
4342 -1 -1
4343 -1 -1
4344 -1 -1
4345 -1 -1
4346 -1 -1
4347 -1 -1
4348 42976942591241187568 9884301423928516
4349 89835031520 20656480
4350 -1 -1
4351 -1 -1
4352 -1 -1
4353 -1 -1
4354 38930279439815346772 8941267671064618
4355 7007822120 1609144
4356 -1 -1
4357 -1 -1
4358 -1 -1
4359 -1 -1
4360 -1 -1
4361 -1 -1
4362 -1 -1
4363 -1 -1
4364 -1 -1
4365 -1 -1
4366 1790301771162376966 410055375896101
4367 45517964217228008 10423165609624
4368 -1 -1
4369 -1 -1
4370 -1 -1
4371 -1 -1
4372 4372 1
4373 1047997189879687057167532064 239651769924465368663968
4374 -1 -1
4375 -1 -1
4376 4376 1
4377 -1 -1
4378 125572011268 28682506
4379 -1 -1
4380 -1 -1
4381 -1 -1
4382 35658221566359224 8137430754532
4383 -1 -1
4384 -1 -1
4385 -1 -1
4386 -1 -1
4387 -1 -1
4388 -1 -1
4389 -1 -1
4390 -1 -1
4391 -1 -1
4392 -1 -1
4393 145144720 33040
4394 -1 -1
4395 -1 -1
4396 -1 -1
4397 -1 -1
4398 -1 -1
4399 -1 -1
4400 63943140800 14532532
4401 -1 -1
4402 1945684 442
4403 709451999690 161129230
4404 -1 -1
4405 -1 -1
4406 -1 -1
4407 -1 -1
4408 -1 -1
4409 -1 -1
4410 -1 -1
4411 -1 -1
4412 -1 -1
4413 -1 -1
4414 -1 -1
4415 -1 -1
4416 -1 -1
4417 104698447840 23703520
4418 -1 -1
4419 -1 -1
4420 203320 46
4421 -1 -1
4422 -1 -1
4423 -1 -1
4424 -1 -1
4425 -1 -1
4426 17302876053882706 3909371001781
4427 7123990598456516008246467948260 1609214049798173934548558380
4428 -1 -1
4429 -1 -1
4430 -1 -1
4431 -1 -1
4432 -1 -1
4433 -1 -1
4434 -1 -1
4435 -1 -1
4436 -1 -1
4437 -1 -1
4438 -1 -1
4439 12375932 2788
4440 -1 -1
4441 -1 -1
4442 -1 -1
4443 -1 -1
4444 -1 -1
4445 -1 -1
4446 -1 -1
4447 1368270748 307684
4448 -1 -1
4449 -1 -1
4450 -1 -1
4451 -1 -1
4452 -1 -1
4453 178120 40
4454 -1 -1
4455 -1 -1
4456 -1 -1
4457 -1 -1
4458 -1 -1
4459 1133587384384 254224576
4460 -1 -1
4461 -1 -1
4462 -1 -1
4463 -1 -1
4464 -1 -1
4465 -1 -1
4466 4832920940789480 1082158741780
4467 -1 -1
4468 -1 -1
4469 -1 -1
4470 -1 -1
4471 -1 -1
4472 -1 -1
4473 -1 -1
4474 -1 -1
4475 -1 -1
4476 -1 -1
4477 -1 -1
4478 -1 -1
4479 -1 -1
4480 -1 -1
4481 -1 -1
4482 -1 -1
4483 -1 -1
4484 4484 1
4485 -1 -1
4486 -1 -1
4487 -1 -1
4488 -1 -1
4489 -1 -1
4490 36354414777957740 8096751620926
4491 -1 -1
4492 1495476640 332920
4493 -1 -1
4494 -1 -1
4495 -1 -1
4496 -1 -1
4497 -1 -1
4498 -1 -1
4499 69651151526 15481474
4500 -1 -1
4501 -1 -1
4502 -1 -1
4503 -1 -1
4504 -1 -1
4505 -1 -1
4506 -1 -1
4507 851554490968 188940424
4508 -1 -1
4509 -1 -1
4510 -1 -1
4511 -1 -1
4512 -1 -1
4513 10256139333076 2272576852
4514 -1 -1
4515 -1 -1
4516 1725112 382
4517 -1 -1
4518 -1 -1
4519 -1 -1
4520 9592009520 2122126
4521 -1 -1
4522 -1 -1
4523 -1 -1
4524 -1 -1
4525 -1 -1
4526 -1 -1
4527 -1 -1
4528 1374121216 303472
4529 -1 -1
4530 -1 -1
4531 -1 -1
4532 -1 -1
4533 -1 -1
4534 181360 40
4535 -1 -1
4536 -1 -1
4537 -1 -1
4538 -1 -1
4539 -1 -1
4540 -1 -1
4541 62051186820860 13664652460
4542 -1 -1
4543 -1 -1
4544 -1 -1
4545 -1 -1
4546 -1 -1
4547 8167157708 1796164
4548 -1 -1
4549 -1 -1
4550 -1 -1
4551 -1 -1
4552 -1 -1
4553 -1 -1
4554 -1 -1
4555 66701016989033860 14643472445452
4556 -1 -1
4557 -1 -1
4558 -1 -1
4559 -1 -1
4560 -1 -1
4561 1660204 364
4562 -1 -1
4563 -1 -1
4564 -1 -1
4565 486629399400980 106600087492
4566 -1 -1
4567 -1 -1
4568 258355157912 56557609
4569 -1 -1
4570 -1 -1
4571 67052446958 14669098
4572 -1 -1
4573 -1 -1
4574 954959720 208780
4575 -1 -1
4576 -1 -1
4577 -1 -1
4578 -1 -1
4579 -1 -1
4580 -1 -1
4581 -1 -1
4582 1942768 424
4583 -1 -1
4584 -1 -1
4585 -1 -1
4586 -1 -1
4587 -1 -1
4588 23388196659436 5097688897
4589 -1 -1
4590 -1 -1
4591 -1 -1
4592 4592 1
4593 -1 -1
4594 1153379379280 251062120
4595 -1 -1
4596 -1 -1
4597 -1 -1
4598 450527696180804 97983404998
4599 -1 -1
4600 -1 -1
4601 -1 -1
4602 -1 -1
4603 -1 -1
4604 -1 -1
4605 -1 -1
4606 -1 -1
4607 4323129152027924 938382711532
4608 -1 -1
4609 -1 -1
4610 -1 -1
4611 -1 -1
4612 -1 -1
4613 -1 -1
4614 -1 -1
4615 -1 -1
4616 -1 -1
4617 -1 -1
4618 53203978 11521
4619 -1 -1
4620 -1 -1
4621 -1 -1
4622 4949957101554116 1070955668878
4623 -1 -1
4624 -1 -1
4625 -1 -1
4626 -1 -1
4627 1500443560 324280
4628 4628 1
4629 -1 -1
4630 -1 -1
4631 5110911075325437404775611508224249972 1103630117755438869526152344682412
4632 -1 -1
4633 -1 -1
4634 -1 -1
4635 -1 -1
4636 213256 46
4637 -1 -1
4638 -1 -1
4639 -1 -1
4640 -1 -1
4641 -1 -1
4642 185680 40
4643 -1 -1
4644 -1 -1
4645 -1 -1
4646 -1 -1
4647 -1 -1
4648 -1 -1
4649 -1 -1
4650 -1 -1
4651 -1 -1
4652 1814816640764 390115357
4653 -1 -1
4654 166729649390077909888964670004 35825021355839688416193526
4655 14179130 3046
4656 -1 -1
4657 -1 -1
4658 64441669508900 13834622050
4659 -1 -1
4660 -1 -1
4661 -1 -1
4662 -1 -1
4663 -1 -1
4664 -1 -1
4665 -1 -1
4666 4668057706 1000441
4667 -1 -1
4668 -1 -1
4669 -1 -1
4670 -1 -1
4671 -1 -1
4672 -1 -1
4673 -1 -1
4674 -1 -1
4675 -1 -1
4676 -1 -1
4677 -1 -1
4678 -1 -1
4679 36248947691582828 7747157018932
4680 -1 -1
4681 1497227212 319852
4682 11958565000121639993613559172 2554157411388645876465946
4683 -1 -1
4684 -1 -1
4685 -1 -1
4686 -1 -1
4687 -1 -1
4688 -1 -1
4689 -1 -1
4690 17437420 3718
4691 -1 -1
4692 -1 -1
4693 -1 -1
4694 -1 -1
4695 -1 -1
4696 -1 -1
4697 -1 -1
4698 -1 -1
4699 -1 -1
4700 92298026600 19637878
4701 -1 -1
4702 1611939640 342820
4703 -1 -1
4704 -1 -1
4705 -1 -1
4706 2990976584879228348 635566635120958
4707 -1 -1
4708 -1 -1
4709 830999885876 176470564
4710 -1 -1
4711 -1 -1
4712 -1 -1
4713 -1 -1
4714 -1 -1
4715 -1 -1
4716 -1 -1
4717 -1 -1
4718 8467422908 1794706
4719 -1 -1
4720 -1 -1
4721 -1 -1
4722 -1 -1
4723 -1 -1
4724 -1 -1
4725 -1 -1
4726 -1 -1
4727 -1 -1
4728 -1 -1
4729 -1 -1
4730 -1 -1
4731 -1 -1
4732 -1 -1
4733 -1 -1
4734 -1 -1
4735 199564669879411375 42146709583825
4736 4736 1
4737 -1 -1
4738 -1 -1
4739 -1 -1
4740 -1 -1
4741 -1 -1
4742 -1 -1
4743 -1 -1
4744 -1 -1
4745 1092726050 230290
4746 -1 -1
4747 -1 -1
4748 -1 -1
4749 -1 -1
4750 1729000 364
4751 -1 -1
4752 -1 -1
4753 12964472920 2727640
4754 -1 -1
4755 -1 -1
4756 2187760 460
4757 -1 -1
4758 -1 -1
4759 -1 -1
4760 5535352277840 1162889134
4761 -1 -1
4762 1503077680 315640
4763 14250896 2992
4764 -1 -1
4765 -1 -1
4766 -1 -1
4767 -1 -1
4768 -1 -1
4769 14461694644931866579173896 3032437543495883115784
4770 -1 -1
4771 157633840 33040
4772 331849652 69541
4773 -1 -1
4774 -1 -1
4775 -1 -1
4776 -1 -1
4777 -1 -1
4778 -1 -1
4779 -1 -1
4780 -1 -1
4781 -1 -1
4782 -1 -1
4783 -1 -1
4784 -1 -1
4785 -1 -1
4786 -1 -1
4787 69609107360 14541280
4788 -1 -1
4789 143928391450800137545 30053955199582405
4790 104966406806267957251657568477819675056745086933880 21913654865609176879260452709356925899111709172
4791 -1 -1
4792 -1 -1
4793 -1 -1
4794 -1 -1
4795 -1 -1
4796 -1 -1
4797 -1 -1
4798 -1 -1
4799 -1 -1
4800 -1 -1
4801 -1 -1
4802 -1 -1
4803 -1 -1
4804 3482635780 724945
4805 -1 -1
4806 -1 -1
4807 120493992520 25066360
4808 -1 -1
4809 -1 -1
4810 -1 -1
4811 -1 -1
4812 -1 -1
4813 -1 -1
4814 -1 -1
4815 -1 -1
4816 -1 -1
4817 821186293692093169695444533176082 170476706184781642037667538546
4818 -1 -1
4819 -1 -1
4820 -1 -1
4821 -1 -1
4822 1363671244 282802
4823 -1 -1
4824 -1 -1
4825 -1 -1
4826 -1 -1
4827 -1 -1
4828 -1 -1
4829 170850020 35380
4830 -1 -1
4831 -1 -1
4832 -1 -1
4833 -1 -1
4834 -1 -1
4835 -1 -1
4836 -1 -1
4837 -1 -1
4838 -1 -1
4839 -1 -1
4840 -1 -1
4841 -1 -1
4842 -1 -1
4843 -1 -1
4844 4844 1
4845 -1 -1
4846 -1 -1
4847 -1 -1
4848 -1 -1
4849 -1 -1
4850 70482780200 14532532
4851 -1 -1
4852 -1 -1
4853 -1 -1
4854 -1 -1
4855 5593051960636785160 1152018941428792
4856 7503332243696 1545167266
4857 -1 -1
4858 -1 -1
4859 -1 -1
4860 -1 -1
4861 -1 -1
4862 -1 -1
4863 -1 -1
4864 5631672214262053027752944212205315230720 1157827346682165507350523069943526980
4865 -1 -1
4866 -1 -1
4867 -1 -1
4868 -1 -1
4869 -1 -1
4870 -1 -1
4871 274536512568074325614 56361427338960034
4872 -1 -1
4873 413144523121 84782377
4874 -1 -1
4875 -1 -1
4876 -1 -1
4877 -1 -1
4878 -1 -1
4879 -1 -1
4880 4880 1
4881 -1 -1
4882 22775674858316410 4665234506005
4883 -1 -1
4884 -1 -1
4885 -1 -1
4886 -1 -1
4887 -1 -1
4888 -1 -1
4889 -1 -1
4890 -1 -1
4891 -1 -1
4892 -1 -1
4893 -1 -1
4894 1334789560 272740
4895 -1 -1
4896 -1 -1
4897 -1 -1
4898 202066848747862012482872 41254971161262150364
4899 -1 -1
4900 1727710600 352594
4901 12781808 2608
4902 -1 -1
4903 -1 -1
4904 -1 -1
4905 -1 -1
4906 -1 -1
4907 -1 -1
4908 -1 -1
4909 -1 -1
4910 -1 -1
4911 -1 -1
4912 -1 -1
4913 -1 -1
4914 -1 -1
4915 -1 -1
4916 -1 -1
4917 -1 -1
4918 -1 -1
4919 -1 -1
4920 -1 -1
4921 19684 4
4922 -1 -1
4923 -1 -1
4924 -1 -1
4925 -1 -1
4926 -1 -1
4927 -1 -1
4928 85022064512 17252854
4929 -1 -1
4930 44440699093310068300 9014340586878310
4931 -1 -1
4932 -1 -1
4933 -1 -1
4934 -1 -1
4935 -1 -1
4936 3424842163624 693849709
4937 606385032071336 122824596328
4938 -1 -1
4939 -1 -1
4940 -1 -1
4941 -1 -1
4942 227332 46
4943 -1 -1
4944 -1 -1
4945 -1 -1
4946 -1 -1
4947 -1 -1
4948 -1 -1
4949 -1 -1
4950 -1 -1
4951 -1 -1
4952 -1 -1
4953 -1 -1
4954 -1 -1
4955 427422040754149790 86260754945338
4956 -1 -1
4957 49816669790375920000241291100315892240 10049761910505531571563706092458320
4958 -1 -1
4959 -1 -1
4960 -1 -1
4961 8160577106 1644946
4962 -1 -1
4963 -1 -1
4964 -1 -1
4965 -1 -1
4966 -1 -1
4967 -1 -1
4968 -1 -1
4969 18531805974136014658020131620 3729483995599922450798980
4970 -1 -1
4971 -1 -1
4972 -1 -1
4973 -1 -1
4974 -1 -1
4975 -1 -1
4976 -1 -1
4977 -1 -1
4978 -1 -1
4979 -1 -1
4980 -1 -1
4981 1435580773766675888701 288211357913406121
4982 8882308160 1782880
4983 -1 -1
4984 -1 -1
4985 -1 -1
4986 -1 -1
4987 -1 -1
4988 4988 1
4989 -1 -1
4990 4096237685805089069800 820889315792603020
4991 -1 -1
4992 -1 -1
4993 -1 -1
4994 -1 -1
4995 -1 -1
4996 -1 -1
4997 -1 -1
4998 -1 -1
4999 5604912586621324 1121206758676
5000 -1 -1
5001 -1 -1
5002 20008 4
5003 -1 -1
5004 -1 -1
5005 -1 -1
5006 -1 -1
5007 -1 -1
5008 11252914181248 2246987656
5009 401716364776987058 80198914908562
5010 -1 -1
5011 -1 -1
5012 -1 -1
5013 -1 -1
5014 -1 -1
5015 -1 -1
5016 -1 -1
5017 -1 -1
5018 13990184 2788
5019 -1 -1
5020 -1 -1
5021 -1 -1
5022 -1 -1
5023 -1 -1
5024 -1 -1
5025 -1 -1
5026 -1 -1
5027 -1 -1
5028 -1 -1
5029 1830556 364
5030 -1 -1
5031 -1 -1
5032 -1 -1
5033 -1 -1
5034 -1 -1
5035 -1 -1
5036 648285630389680028750972 128730268147275621277
5037 -1 -1
5038 -1 -1
5039 -1 -1
5040 -1 -1
5041 -1 -1
5042 109704679285270052630538907304 21758167252136067558615412
5043 -1 -1
5044 179273848 35542
5045 14065460 2788
5046 -1 -1
5047 -1 -1
5048 -1 -1
5049 -1 -1
5050 1527625000 302500
5051 8333170106 1649806
5052 -1 -1
5053 -1 -1
5054 -1 -1
5055 -1 -1
5056 13661374492435294144 2702012360054449
5057 -1 -1
5058 -1 -1
5059 -1 -1
5060 304515860 60181
5061 -1 -1
5062 2328520 460
5063 7292044622564 1440261628
5064 -1 -1
5065 11539224820 2278228
5066 -1 -1
5067 -1 -1
5068 -1 -1
5069 82439235428 16263412
5070 -1 -1
5071 -1 -1
5072 -1 -1
5073 -1 -1
5074 163595908 32242
5075 -1 -1
5076 -1 -1
5077 -1 -1
5078 -1 -1
5079 -1 -1
5080 14437360 2842
5081 -1 -1
5082 -1 -1
5083 20332 4
5084 -1 -1
5085 -1 -1
5086 -1 -1
5087 -1 -1
5088 -1 -1
5089 3750689146477 737018893
5090 -1 -1
5091 -1 -1
5092 -1 -1
5093 -1 -1
5094 -1 -1
5095 -1 -1
5096 5096 1
5097 -1 -1
5098 -1 -1
5099 1084669478 212722
5100 -1 -1
5101 15114073865080911445 2962962921991945
5102 -1 -1
5103 -1 -1
5104 -1 -1
5105 -1 -1
5106 -1 -1
5107 -1 -1
5108 5108 1
5109 -1 -1
5110 20440 4
5111 -1 -1
5112 -1 -1
5113 -1 -1
5114 11588324 2266
5115 -1 -1
5116 21691840 4240
5117 -1 -1
5118 -1 -1
5119 -1 -1
5120 -1 -1
5121 -1 -1
5122 -1 -1
5123 -1 -1
5124 -1 -1
5125 -1 -1
5126 64894321242872 12659836372
5127 -1 -1
5128 -1 -1
5129 -1 -1
5130 -1 -1
5131 -1 -1
5132 -1 -1
5133 -1 -1
5134 -1 -1
5135 -1 -1
5136 -1 -1
5137 -1 -1
5138 -1 -1
5139 -1 -1
5140 -1 -1
5141 -1 -1
5142 -1 -1
5143 1112851637232834492066836401471876 216381807745058232950969551132
5144 -1 -1
5145 -1 -1
5146 11131312600 2163100
5147 -1 -1
5148 -1 -1
5149 -1 -1
5150 1121196200 217708
5151 -1 -1
5152 -1 -1
5153 14088302 2734
5154 -1 -1
5155 -1 -1
5156 -1 -1
5157 -1 -1
5158 -1 -1
5159 12247466 2374
5160 -1 -1
5161 -1 -1
5162 -1 -1
5163 -1 -1
5164 -1 -1
5165 -1 -1
5166 -1 -1
5167 -1 -1
5168 7109243614715418459248 1375627634426358061
5169 -1 -1
5170 605668402073529982683279063745123661860 117150561329502898004502720260178658
5171 -1 -1
5172 -1 -1
5173 -1 -1
5174 -1 -1
5175 -1 -1
5176 -1 -1
5177 3440560972950286124 664585855312012
5178 -1 -1
5179 -1 -1
5180 -1 -1
5181 -1 -1
5182 376404934 72637
5183 -1 -1
5184 -1 -1
5185 -1 -1
5186 -1 -1
5187 -1 -1
5188 7885315753722564497074498810317256 1519914370416839725727544103762
5189 -1 -1
5190 -1 -1
5191 20764 4
5192 -1 -1
5193 -1 -1
5194 -1 -1
5195 -1 -1
5196 -1 -1
5197 -1 -1
5198 -1 -1
5199 -1 -1
5200 1086067960284966677200 208859223131724361
5201 -1 -1
5202 -1 -1
5203 -1 -1
5204 12073280 2320
5205 -1 -1
5206 56691653534876612727237003009009478845232 10889676053568308245723588745487798472
5207 -1 -1
5208 -1 -1
5209 -1 -1
5210 195677180 37558
5211 -1 -1
5212 -1 -1
5213 -1 -1
5214 -1 -1
5215 7837208448580 1502820412
5216 5216 1
5217 -1 -1
5218 1899352 364
5219 -1 -1
5220 -1 -1
5221 -1 -1
5222 -1 -1
5223 -1 -1
5224 60185704 11521
5225 -1 -1
5226 -1 -1
5227 -1 -1
5228 -1 -1
5229 -1 -1
5230 -1 -1
5231 -1 -1
5232 -1 -1
5233 -1 -1
5234 67071080302316 12814497574
5235 -1 -1
5236 -1 -1
5237 -1 -1
5238 -1 -1
5239 -1 -1
5240 1175028080 224242
5241 -1 -1
5242 -1 -1
5243 -1 -1
5244 -1 -1
5245 987510494260 188276548
5246 -1 -1
5247 -1 -1
5248 -1 -1
5249 -1 -1
5250 -1 -1
5251 42191517199 8034949
5252 -1 -1
5253 -1 -1
5254 -1 -1
5255 -1 -1
5256 -1 -1
5257 -1 -1
5258 -1 -1
5259 -1 -1
5260 1326178362640 252125164
5261 -1 -1
5262 -1 -1
5263 47652498005171183595792637717356885610756 9054246248369975982480075568564865212
5264 -1 -1
5265 -1 -1
5266 -1 -1
5267 110267580996291111124031552876 20935557432369681246256228
5268 -1 -1
5269 218864554781257 41538158053
5270 -1 -1
5271 -1 -1
5272 21088 4
5273 -1 -1
5274 -1 -1
5275 -1 -1
5276 2393444097782988656072 453647478730665022
5277 -1 -1
5278 242788 46
5279 -1 -1
5280 -1 -1
5281 -1 -1
5282 -1 -1
5283 -1 -1
5284 -1 -1
5285 -1 -1
5286 -1 -1
5287 -1 -1
5288 1079185616 204082
5289 -1 -1
5290 21611585035119465693422920 4085365791137895216148
5291 -1 -1
5292 -1 -1
5293 -1 -1
5294 -1 -1
5295 -1 -1
5296 -1 -1
5297 9685045394 1828402
5298 -1 -1
5299 21196 4
5300 -1 -1
5301 -1 -1
5302 -1 -1
5303 -1 -1
5304 -1 -1
5305 615976026168603100 116112351775420
5306 -1 -1
5307 -1 -1
5308 -1 -1
5309 -1 -1
5310 -1 -1
5311 -1 -1
5312 -1 -1
5313 -1 -1
5314 68874754 12961
5315 7044293449250 1325360950
5316 -1 -1
5317 -1 -1
5318 -1 -1
5319 -1 -1
5320 -1 -1
5321 -1 -1
5322 -1 -1
5323 -1 -1
5324 5324 1
5325 -1 -1
5326 -1 -1
5327 -1 -1
5328 -1 -1
5329 -1 -1
5330 -1 -1
5331 -1 -1
5332 -1 -1
5333 -1 -1
5334 -1 -1
5335 -1 -1
5336 -1 -1
5337 -1 -1
5338 -1 -1
5339 -1 -1
5340 -1 -1
5341 -1 -1
5342 -1 -1
5343 -1 -1
5344 6536231893113472 1223097285388
5345 -1 -1
5346 -1 -1
5347 -1 -1
5348 -1 -1
5349 -1 -1
5350 21721000 4060
5351 -1 -1
5352 -1 -1
5353 333224383825 62250025
5354 -1 -1
5355 -1 -1
5356 -1 -1
5357 -1 -1
5358 -1 -1
5359 181691536 33904
5360 5360 1
5361 -1 -1
5362 -1 -1
5363 -1 -1
5364 -1 -1
5365 -1 -1
5366 -1 -1
5367 -1 -1
5368 -1 -1
5369 -1 -1
5370 -1 -1
5371 -1 -1
5372 -1 -1
5373 -1 -1
5374 -1 -1
5375 -1 -1
5376 -1 -1
5377 -1 -1
5378 -1 -1
5379 -1 -1
5380 21520 4
5381 -1 -1
5382 -1 -1
5383 -1 -1
5384 -1 -1
5385 -1 -1
5386 213512235584689930 39642078645505
5387 -1 -1
5388 -1 -1
5389 -1 -1
5390 -1 -1
5391 -1 -1
5392 -1 -1
5393 -1 -1
5394 -1 -1
5395 209326000 38800
5396 -1 -1
5397 -1 -1
5398 5375401001138917396 995813449636702
5399 -1 -1
5400 -1 -1
5401 -1 -1
5402 -1 -1
5403 -1 -1
5404 183736 34
5405 1514649213831616973333956610 280231121892991114400362
5406 -1 -1
5407 -1 -1
5408 -1 -1
5409 -1 -1
5410 -1 -1
5411 -1 -1
5412 -1 -1
5413 -1 -1
5414 571732881778664 105602674876
5415 -1 -1
5416 -1 -1
5417 -1 -1
5418 -1 -1
5419 -1 -1
5420 -1 -1
5421 -1 -1
5422 -1 -1
5423 -1 -1
5424 -1 -1
5425 -1 -1
5426 -1 -1
5427 -1 -1
5428 14075956834957126137062824349584 2593212386690701204322554228
5429 -1 -1
5430 -1 -1
5431 292215612151 53805121
5432 526904 97
5433 -1 -1
5434 1023364136080 188326120
5435 -1 -1
5436 -1 -1
5437 -1 -1
5438 -1 -1
5439 -1 -1
5440 3051714880 560977
5441 -1 -1
5442 -1 -1
5443 573600842479383004 105383215594228
5444 -1 -1
5445 -1 -1
5446 -1 -1
5447 -1 -1
5448 -1 -1
5449 -1 -1
5450 -1 -1
5451 -1 -1
5452 -1 -1
5453 187823132 34444
5454 -1 -1
5455 -1 -1
5456 -1 -1
5457 -1 -1
5458 1659232 304
5459 -1 -1
5460 -1 -1
5461 21844 4
5462 -1 -1
5463 -1 -1
5464 -1 -1
5465 -1 -1
5466 -1 -1
5467 3686148438511 674254333
5468 5468 1
5469 -1 -1
5470 21880 4
5471 -1 -1
5472 -1 -1
5473 -1 -1
5474 -1 -1
5475 -1 -1
5476 205667608 37558
5477 23647481471775272493410 4317597493477318330
5478 -1 -1
5479 1345423240 245560
5480 -1 -1
5481 -1 -1
5482 7415651225713288 1352727330484
5483 -1 -1
5484 -1 -1
5485 45947845 8377
5486 3911237029633384880 712948784111080
5487 -1 -1
5488 -1 -1
5489 -1 -1
5490 -1 -1
5491 -1 -1
5492 -1 -1
5493 -1 -1
5494 -1 -1
5495 -1 -1
5496 -1 -1
5497 -1 -1
5498 -1 -1
5499 -1 -1
5500 -1 -1
5501 -1 -1
5502 -1 -1
5503 205790188 37396
5504 -1 -1
5505 -1 -1
5506 -1 -1
5507 -1 -1
5508 -1 -1
5509 -1 -1
5510 -1 -1
5511 -1 -1
5512 -1 -1
5513 1259466902 228454
5514 -1 -1
5515 -1 -1
5516 -1 -1
5517 -1 -1
5518 -1 -1
5519 -1 -1
5520 -1 -1
5521 98220630252424 17790369544
5522 -1 -1
5523 -1 -1
5524 3124738967428 565665997
5525 -1 -1
5526 -1 -1
5527 -1 -1
5528 -1 -1
5529 -1 -1
5530 1890419440 341848
5531 -1 -1
5532 -1 -1
5533 91383045993316 16516003252
5534 -1 -1
5535 -1 -1
5536 -1 -1
5537 -1 -1
5538 -1 -1
5539 20508883825598552245646476 3702632934753304250884
5540 -1 -1
5541 -1 -1
5542 -1 -1
5543 -1 -1
5544 -1 -1
5545 -1 -1
5546 -1 -1
5547 -1 -1
5548 -1 -1
5549 -1 -1
5550 -1 -1
5551 22204 4
5552 -1 -1
5553 -1 -1
5554 -1 -1
5555 -1 -1
5556 -1 -1
5557 141040216480 25380640
5558 -1 -1
5559 -1 -1
5560 328802704120 59137177
5561 -1 -1
5562 -1 -1
5563 5480238383695510312 985122844453624
5564 37395644 6721
5565 -1 -1
5566 189244 34
5567 3789952575513555734 680789038173802
5568 -1 -1
5569 -1 -1
5570 -1 -1
5571 -1 -1
5572 -1 -1
5573 -1 -1
5574 -1 -1
5575 -1 -1
5576 5576 1
5577 -1 -1
5578 223120 40
5579 -1 -1
5580 -1 -1
5581 -1 -1
5582 -1 -1
5583 -1 -1
5584 256864 46
5585 13258790 2374
5586 -1 -1
5587 26252753769235 4698899905
5588 -1 -1
5589 -1 -1
5590 -1 -1
5591 -1 -1
5592 -1 -1
5593 -1 -1
5594 3835048634509297796 685564646855434
5595 -1 -1
5596 -1 -1
5597 -1 -1
5598 -1 -1
5599 -1 -1
5600 -1 -1
5601 -1 -1
5602 687471961591324 122719022062
5603 -1 -1
5604 -1 -1
5605 -1 -1
5606 -1 -1
5607 -1 -1
5608 -1 -1
5609 -1 -1
5610 -1 -1
5611 17071445056 3042496
5612 5612 1
5613 -1 -1
5614 9229275021232 1643974888
5615 -1 -1
5616 -1 -1
5617 -1 -1
5618 -1 -1
5619 -1 -1
5620 50308694500 8951725
5621 1134092960 201760
5622 -1 -1
5623 553269139170344704 98393942587648
5624 193713056 34444
5625 -1 -1
5626 -1 -1
5627 -1 -1
5628 -1 -1
5629 33262734817 5909173
5630 -1 -1
5631 -1 -1
5632 22528 4
5633 -1 -1
5634 -1 -1
5635 -1 -1
5636 -1 -1
5637 -1 -1
5638 21570988 3826
5639 283888442589734846396076907722381684053649452025578524867216334 50343756444358014966497057585100493714071546732679291517506
5640 -1 -1
5641 -1 -1
5642 -1 -1
5643 -1 -1
5644 -1 -1
5645 -1 -1
5646 -1 -1
5647 -1 -1
5648 5201295760265408 920909305996
5649 -1 -1
5650 477247188850 84468529
5651 -1 -1
5652 -1 -1
5653 -1 -1
5654 -1 -1
5655 -1 -1
5656 -1 -1
5657 -1 -1
5658 -1 -1
5659 22636 4
5660 -1 -1
5661 -1 -1
5662 -1 -1
5663 -1 -1
5664 -1 -1
5665 45216970645 7981813
5666 -1 -1
5667 -1 -1
5668 249189254262676 43964229757
5669 -1 -1
5670 -1 -1
5671 -1 -1
5672 2606317369532514776336 459505883203898938
5673 -1 -1
5674 1272349108 224242
5675 2849344761727747362500 502087182683303500
5676 -1 -1
5677 -1 -1
5678 -1 -1
5679 -1 -1
5680 -1 -1
5681 -1 -1
5682 -1 -1
5683 146837876836 25838092
5684 -1 -1
5685 -1 -1
5686 2069704 364
5687 -1 -1
5688 -1 -1
5689 -1 -1
5690 -1 -1
5691 -1 -1
5692 5784430791086632 1016238719446
5693 -1 -1
5694 -1 -1
5695 -1 -1
5696 -1 -1
5697 -1 -1
5698 -1 -1
5699 -1 -1
5700 -1 -1
5701 14908641004392528210886673682918627461048283813472 2615092265285481180650179561992392117356303072
5702 -1 -1
5703 -1 -1
5704 1045700892784 183327646
5705 -1 -1
5706 -1 -1
5707 -1 -1
5708 -1 -1
5709 -1 -1
5710 8840259331283380 1548206537878
5711 -1 -1
5712 -1 -1
5713 -1 -1
5714 -1 -1
5715 -1 -1
5716 -1 -1
5717 -1 -1
5718 -1 -1
5719 1704673768 298072
5720 5720 1
5721 -1 -1
5722 -1 -1
5723 -1 -1
5724 -1 -1
5725 2571320668245925 449138981353
5726 -1 -1
5727 -1 -1
5728 302887939168 52878481
5729 -1 -1
5730 -1 -1
5731 -1 -1
5732 -1 -1
5733 -1 -1
5734 -1 -1
5735 -1 -1
5736 -1 -1
5737 144251128 25144
5738 -1 -1
5739 -1 -1
5740 22960 4
5741 -1 -1
5742 -1 -1
5743 -1 -1
5744 -1 -1
5745 -1 -1
5746 105628434067156 18382950586
5747 -1 -1
5748 -1 -1
5749 -1 -1
5750 -1 -1
5751 -1 -1
5752 -1 -1
5753 -1 -1
5754 -1 -1
5755 -1 -1
5756 -1 -1
5757 -1 -1
5758 2275443037396270 395179409065
5759 -1 -1
5760 -1 -1
5761 -1 -1
5762 -1 -1
5763 -1 -1
5764 441852383236 76657249
5765 -1 -1
5766 -1 -1
5767 230680 40
5768 -1 -1
5769 -1 -1
5770 633344050 109765
5771 -1 -1
5772 -1 -1
5773 5563959493969684 963789969508
5774 -1 -1
5775 -1 -1
5776 -1 -1
5777 -1 -1
5778 -1 -1
5779 -1 -1
5780 -1 -1
5781 -1 -1
5782 35807854864054 6192987697
5783 -1 -1
5784 -1 -1
5785 1942603000 335800
5786 -1 -1
5787 -1 -1
5788 -1 -1
5789 -1 -1
5790 -1 -1
5791 70887631 12241
5792 -1 -1
5793 -1 -1
5794 4835678194 834601
5795 -1 -1
5796 -1 -1
5797 -1 -1
5798 -1 -1
5799 -1 -1
5800 21877600 3772
5801 -1 -1
5802 -1 -1
5803 -1 -1
5804 -1 -1
5805 -1 -1
5806 -1 -1
5807 -1 -1
5808 -1 -1
5809 -1 -1
5810 -1 -1
5811 -1 -1
5812 3225099523159789567573837114014618292 554903565581519196072580370615041
5813 -1 -1
5814 -1 -1
5815 15168563272178954048026262911720 2608523348612029930872960088
5816 -1 -1
5817 -1 -1
5818 197812 34
5819 -1 -1
5820 -1 -1
5821 23284 4
5822 -1 -1
5823 -1 -1
5824 -1 -1
5825 -1 -1
5826 -1 -1
5827 2243746240442499140792488 385060278092071244344
5828 5828 1
5829 -1 -1
5830 -1 -1
5831 -1 -1
5832 -1 -1
5833 -1 -1
5834 -1 -1
5835 -1 -1
5836 -1 -1
5837 -1 -1
5838 -1 -1
5839 115468023412 19775308
5840 5840 1
5841 -1 -1
5842 139561489228 23889334
5843 -1 -1
5844 -1 -1
5845 -1 -1
5846 -1 -1
5847 -1 -1
5848 23392 4
5849 -1 -1
5850 -1 -1
5851 36263329759265150858800 6197800334859878800
5852 -1 -1
5853 -1 -1
5854 14635000 2500
5855 -1 -1
5856 -1 -1
5857 -1 -1
5858 193548320 33040
5859 -1 -1
5860 185773720 31702
5861 -1 -1
5862 -1 -1
5863 2485912 424
5864 -1 -1
5865 -1 -1
5866 -1 -1
5867 -1 -1
5868 -1 -1
5869 -1 -1
5870 -1 -1
5871 -1 -1
5872 1785088 304
5873 -1 -1
5874 -1 -1
5875 -1 -1
5876 -1 -1
5877 -1 -1
5878 1179570518464 200675488
5879 -1 -1
5880 -1 -1
5881 -1 -1
5882 -1 -1
5883 -1 -1
5884 -1 -1
5885 -1 -1
5886 -1 -1
5887 -1 -1
5888 -1 -1
5889 -1 -1
5890 -1 -1
5891 2059862374927169280132182 349662599716036204402
5892 -1 -1
5893 5045245826199224831440 856142173120520080
5894 -1 -1
5895 -1 -1
5896 -1 -1
5897 -1 -1
5898 -1 -1
5899 -1 -1
5900 -1 -1
5901 -1 -1
5902 -1 -1
5903 -1 -1
5904 -1 -1
5905 236200 40
5906 -1 -1
5907 -1 -1
5908 1689688 286
5909 -1 -1
5910 -1 -1
5911 -1 -1
5912 -1 -1
5913 -1 -1
5914 -1 -1
5915 -1 -1
5916 -1 -1
5917 -1 -1
5918 -1 -1
5919 -1 -1
5920 -1 -1
5921 -1 -1
5922 -1 -1
5923 -1 -1
5924 -1 -1
5925 -1 -1
5926 37266747310 6288685
5927 -1 -1
5928 -1 -1
5929 23716 4
5930 -1 -1
5931 -1 -1
5932 -1 -1
5933 -1 -1
5934 -1 -1
5935 4512945077155032800620 760395126732103252
5936 -1 -1
5937 -1 -1
5938 45065741488373910331564 7589380513367111878
5939 -1 -1
5940 -1 -1
5941 -1 -1
5942 -1 -1
5943 -1 -1
5944 -1 -1
5945 -1 -1
5946 -1 -1
5947 -1 -1
5948 5948 1
5949 -1 -1
5950 -1 -1
5951 -1 -1
5952 -1 -1
5953 700982223665464 117752767288
5954 89151552152 14973388
5955 -1 -1
5956 -1 -1
5957 -1 -1
5958 -1 -1
5959 456195184431171236140 76555661089305460
5960 -1 -1
5961 -1 -1
5962 259804893614499238148704 43576802015179342192
5963 -1 -1
5964 -1 -1
5965 -1 -1
5966 -1 -1
5967 -1 -1
5968 -1 -1
5969 -1 -1
5970 -1 -1
5971 -1 -1
5972 5245230263536952 878303794966
5973 -1 -1
5974 17874208 2992
5975 -1 -1
5976 -1 -1
5977 -1 -1
5978 -1 -1
5979 -1 -1
5980 203320 34
5981 -1 -1
5982 -1 -1
5983 -1 -1
5984 -1 -1
5985 -1 -1
5986 239440 40
5987 -1 -1
5988 -1 -1
5989 1225157752 204568
5990 -1 -1
5991 -1 -1
5992 17631603808 2942524
5993 -1 -1
5994 -1 -1
5995 -1 -1
5996 -1 -1
5997 -1 -1
5998 -1 -1
5999 -1 -1
6000 -1 -1
6001 -1 -1
6002 -1 -1
6003 -1 -1
6004 29353745480018587421828656 4889031558963788711164
6005 -1 -1
6006 -1 -1
6007 -1 -1
6008 -1 -1
6009 -1 -1
6010 24040 4
6011 -1 -1
6012 -1 -1
6013 19722640 3280
6014 -1 -1
6015 -1 -1
6016 463837366232335360 77100626035960
6017 -1 -1
6018 -1 -1
6019 24076 4
6020 -1 -1
6021 -1 -1
6022 -1 -1
6023 -1 -1
6024 -1 -1
6025 -1 -1
6026 -1 -1
6027 -1 -1
6028 119507306248 19825366
6029 -1 -1
6030 -1 -1
6031 500800151052222413008 83037663911825968
6032 -1 -1
6033 -1 -1
6034 1310717548 217222
6035 -1 -1
6036 -1 -1
6037 13897812593860 2302105780
6038 -1 -1
6039 -1 -1
6040 1634629360 270634
6041 -1 -1
6042 -1 -1
6043 -1 -1
6044 -1 -1
6045 -1 -1
6046 415897907743175278499548 68788936113657836338
6047 -1 -1
6048 -1 -1
6049 -1 -1
6050 -1 -1
6051 -1 -1
6052 -1 -1
6053 -1 -1
6054 -1 -1
6055 32908312897645886470000 5434898909602954000
6056 6056 1
6057 -1 -1
6058 -1 -1
6059 -1 -1
6060 -1 -1
6061 -1 -1
6062 832707889422933957873865889817752 137365207756999993050786190996
6063 -1 -1
6064 -1 -1
6065 -1 -1
6066 -1 -1
6067 242680 40
6068 -1 -1
6069 -1 -1
6070 17901963532065790 2949252641197
6071 -1 -1
6072 -1 -1
6073 84215196570147928 13867149114136
6074 -1 -1
6075 -1 -1
6076 -1 -1
6077 -1 -1
6078 -1 -1
6079 -1 -1
6080 10561385600 1737070
6081 -1 -1
6082 121630236541072 19998394696
6083 -1 -1
6084 -1 -1
6085 255698095925666079327638380 42021051097069199560828
6086 -1 -1
6087 -1 -1
6088 619107684984496 101693115142
6089 -1 -1
6090 -1 -1
6091 -1 -1
6092 6092 1
6093 -1 -1
6094 243760 40
6095 -1 -1
6096 -1 -1
6097 -1 -1
6098 -1 -1
6099 -1 -1
6100 24400 4
6101 -1 -1
6102 -1 -1
6103 -1 -1
6104 -1 -1
6105 -1 -1
6106 12351991846792 2022926932
6107 1069631674982376918517858951412 175148464873485658837049116
6108 -1 -1
6109 -1 -1
6110 -1 -1
6111 -1 -1
6112 -1 -1
6113 -1 -1
6114 -1 -1
6115 25785271837002196912586457541558915 4216724748487685513096722410721
6116 435437054964369656 71196379163566
6117 -1 -1
6118 -1 -1
6119 -1 -1
6120 -1 -1
6121 14186764120 2317720
6122 -1 -1
6123 -1 -1
6124 104354858440 17040310
6125 -1 -1
6126 -1 -1
6127 753044128935492328 122905847712664
6128 -1 -1
6129 -1 -1
6130 -1 -1
6131 -1 -1
6132 -1 -1
6133 -1 -1
6134 90732484088 14791732
6135 -1 -1
6136 3174509749528 517358173
6137 -1 -1
6138 -1 -1
6139 -1 -1
6140 -1 -1
6141 -1 -1
6142 -1 -1
6143 -1 -1
6144 -1 -1
6145 -1 -1
6146 -1 -1
6147 -1 -1
6148 -1 -1
6149 -1 -1
6150 -1 -1
6151 -1 -1
6152 -1 -1
6153 -1 -1
6154 -1 -1
6155 -1 -1
6156 -1 -1
6157 -1 -1
6158 -1 -1
6159 -1 -1
6160 2611840 424
6161 7190411218840338356869295724571004 1167085086648326303663252024764
6162 -1 -1
6163 -1 -1
6164 -1 -1
6165 -1 -1
6166 480684099747680654692 77957200737541462
6167 -1 -1
6168 -1 -1
6169 1653292 268
6170 14314400 2320
6171 -1 -1
6172 172112762320 27886060
6173 -1 -1
6174 -1 -1
6175 247000 40
6176 -1 -1
6177 -1 -1
6178 -1 -1
6179 -1 -1
6180 -1 -1
6181 24724 4
6182 -1 -1
6183 -1 -1
6184 -1 -1
6185 -1 -1
6186 -1 -1
6187 -1 -1
6188 -1 -1
6189 -1 -1
6190 -1 -1
6191 -1 -1
6192 -1 -1
6193 -1 -1
6194 -1 -1
6195 -1 -1
6196 1412489728 227968
6197 -1 -1
6198 -1 -1
6199 -1 -1
6200 6200 1
6201 -1 -1
6202 2257528 364
6203 -1 -1
6204 -1 -1
6205 138148120 22264
6206 -1 -1
6207 -1 -1
6208 24832 4
6209 -1 -1
6210 -1 -1
6211 -1 -1
6212 -1 -1
6213 -1 -1
6214 1905908368 306712
6215 -1 -1
6216 -1 -1
6217 122943089836 19775308
6218 -1 -1
6219 -1 -1
6220 -1 -1
6221 -1 -1
6222 -1 -1
6223 14437360 2320
6224 597383937496448 95980709752
6225 -1 -1
6226 1541677400692 247619242
6227 -1 -1
6228 -1 -1
6229 33041289443197 5304429193
6230 -1 -1
6231 -1 -1
6232 15580000 2500
6233 -1 -1
6234 -1 -1
6235 54818095258630849410454911126775 8791996031857393650433826965
6236 -1 -1
6237 -1 -1
6238 -1 -1
6239 -1 -1
6240 -1 -1
6241 34814036551878199474743575608309 5578278569440506244951702549
6242 -1 -1
6243 -1 -1
6244 -1 -1
6245 -1 -1
6246 -1 -1
6247 -1 -1
6248 -1 -1
6249 -1 -1
6250 -1 -1
6251 90103614272 14414272
6252 -1 -1
6253 26512720 4240
6254 -1 -1
6255 -1 -1
6256 -1 -1
6257 -1 -1
6258 -1 -1
6259 -1 -1
6260 -1 -1
6261 -1 -1
6262 50426198121199968587068 8052730456914718714
6263 -1 -1
6264 -1 -1
6265 -1 -1
6266 -1 -1
6267 -1 -1
6268 -1 -1
6269 -1 -1
6270 -1 -1
6271 65137493522328040 10387098313240
6272 -1 -1
6273 -1 -1
6274 -1 -1
6275 -1 -1
6276 -1 -1
6277 -1 -1
6278 -1 -1
6279 -1 -1
6280 1586288235040 252593668
6281 -1 -1
6282 -1 -1
6283 251320 40
6284 -1 -1
6285 -1 -1
6286 -1 -1
6287 -1 -1
6288 -1 -1
6289 25156 4
6290 -1 -1
6291 -1 -1
6292 -1 -1
6293 -1 -1
6294 -1 -1
6295 -1 -1
6296 -1 -1
6297 -1 -1
6298 -1 -1
6299 -1 -1
6300 -1 -1
6301 110383713271436916460117 17518443623462453017
6302 -1 -1
6303 -1 -1
6304 -1 -1
6305 -1 -1
6306 -1 -1
6307 1123134516303856 178077456208
6308 6308 1
6309 -1 -1
6310 1178719749220 186801862
6311 -1 -1
6312 -1 -1
6313 25014147125473 3962323321
6314 -1 -1
6315 -1 -1
6316 -1 -1
6317 -1 -1
6318 -1 -1
6319 -1 -1
6320 -1 -1
6321 -1 -1
6322 -1 -1
6323 -1 -1
6324 -1 -1
6325 426301274069614660185700 67399410920097179476
6326 -1 -1
6327 -1 -1
6328 -1 -1
6329 -1 -1
6330 -1 -1
6331 -1 -1
6332 -1 -1
6333 -1 -1
6334 -1 -1
6335 -1 -1
6336 -1 -1
6337 8740172930238256 1379228803888
6338 -1 -1
6339 -1 -1
6340 -1 -1
6341 -1 -1
6342 -1 -1
6343 -1 -1
6344 6344 1
6345 -1 -1
6346 -1 -1
6347 -1 -1
6348 -1 -1
6349 -1 -1
6350 -1 -1
6351 -1 -1
6352 -1 -1
6353 -1 -1
6354 -1 -1
6355 -1 -1
6356 -1 -1
6357 -1 -1
6358 14407228 2266
6359 -1 -1
6360 -1 -1
6361 -1 -1
6362 -1 -1
6363 -1 -1
6364 -1 -1
6365 -1 -1
6366 -1 -1
6367 -1 -1
6368 -1 -1
6369 -1 -1
6370 25480 4
6371 -1 -1
6372 -1 -1
6373 20903440 3280
6374 -1 -1
6375 -1 -1
6376 293296 46
6377 -1 -1
6378 -1 -1
6379 30553978813939 4789775641
6380 -1 -1
6381 -1 -1
6382 8515267956171472 1334263233496
6383 -1 -1
6384 -1 -1
6385 96800814100 15160660
6386 -1 -1
6387 -1 -1
6388 -1 -1
6389 -1 -1
6390 -1 -1
6391 -1 -1
6392 -1 -1
6393 -1 -1
6394 4436792430134651524 693899347847146
6395 -1 -1
6396 -1 -1
6397 25588 4
6398 -1 -1
6399 -1 -1
6400 -1 -1
6401 -1 -1
6402 -1 -1
6403 -1 -1
6404 -1 -1
6405 -1 -1
6406 2066959960 322660
6407 -1 -1
6408 -1 -1
6409 325139972604720747961396 50731779155050826644
6410 -1 -1
6411 -1 -1
6412 134331400 20950
6413 -1 -1
6414 -1 -1
6415 1034106061191640 161201256616
6416 -1 -1
6417 -1 -1
6418 1842055852 287014
6419 -1 -1
6420 -1 -1
6421 -1 -1
6422 -1 -1
6423 -1 -1
6424 -1 -1
6425 -1 -1
6426 -1 -1
6427 -1 -1
6428 -1 -1
6429 -1 -1
6430 17316504400 2693080
6431 -1 -1
6432 -1 -1
6433 -1 -1
6434 -1 -1
6435 -1 -1
6436 -1 -1
6437 -1 -1
6438 -1 -1
6439 858418298452 133315468
6440 -1 -1
6441 -1 -1
6442 -1 -1
6443 -1 -1
6444 -1 -1
6445 -1 -1
6446 -1 -1
6447 -1 -1
6448 -1 -1
6449 -1 -1
6450 -1 -1
6451 177851618620 27569620
6452 6452 1
6453 -1 -1
6454 258160 40
6455 -1 -1
6456 -1 -1
6457 34649627349167309163693403712845 5366211452558046951168252085
6458 -1 -1
6459 -1 -1
6460 -1 -1
6461 -1 -1
6462 -1 -1
6463 20035300 3100
6464 -1 -1
6465 -1 -1
6466 245082367246322012155192 37903242691976803612
6467 -1 -1
6468 -1 -1
6469 2742856 424
6470 -1 -1
6471 -1 -1
6472 -1 -1
6473 -1 -1
6474 -1 -1
6475 1968400 304
6476 -1 -1
6477 -1 -1
6478 25912 4
6479 -1 -1
6480 -1 -1
6481 21257680 3280
6482 -1 -1
6483 -1 -1
6484 153463312 23668
6485 -1 -1
6486 -1 -1
6487 -1 -1
6488 -1 -1
6489 -1 -1
6490 4219412117688547534480 650140542016725352
6491 -1 -1
6492 -1 -1
6493 52831187139095992 8136637477144
6494 -1 -1
6495 -1 -1
6496 -1 -1
6497 -1 -1
6498 -1 -1
6499 -1 -1
6500 -1 -1
6501 -1 -1
6502 221068 34
6503 -1 -1
6504 -1 -1
6505 -1 -1
6506 -1 -1
6507 -1 -1
6508 5499058252 844969
6509 -1 -1
6510 -1 -1
6511 -1 -1
6512 -1 -1
6513 -1 -1
6514 125297741044 19235146
6515 -1 -1
6516 -1 -1
6517 10560523352260 1620457780
6518 -1 -1
6519 -1 -1
6520 -1 -1
6521 -1 -1
6522 -1 -1
6523 298903855734982759703286724 45823065420049480254988
6524 -1 -1
6525 -1 -1
6526 625014598 95773
6527 -1 -1
6528 -1 -1
6529 24854809219333161751432648 3806832473477280096712
6530 -1 -1
6531 -1 -1
6532 2217783832 339526
6533 -1 -1
6534 -1 -1
6535 261400 40
6536 -1 -1
6537 -1 -1
6538 167049575583999850 25550562187825
6539 -1 -1
6540 -1 -1
6541 7491837946162921216 1145365837970176
6542 -1 -1
6543 -1 -1
6544 -1 -1
6545 -1 -1
6546 -1 -1
6547 1686365513776427101435233460 257578358603395005565180
6548 -1 -1
6549 -1 -1
6550 1046711367226600 159803262172
6551 -1 -1
6552 -1 -1
6553 108134571803728 16501536976
6554 -1 -1
6555 -1 -1
6556 28519329138652 4350111217
6557 -1 -1
6558 -1 -1
6559 26236 4
6560 6560 1
